1:ItNr	2:Metric	3a:Time	3b:StepSize	4:||Gradient||	Time[ms]
0	-0.616804	0.000000	24.596471	0.011048	79.6
1	-0.634816	0.000000	24.596471	0.007225	0.7
2	-0.597283	0.000000	24.596471	0.002357	0.6
3	-0.585498	0.094484	24.486301	0.005955	0.6
4	-0.597249	0.000000	24.596471	0.004188	0.6
5	-0.579463	0.928973	23.554495	0.004521	0.6
6	-0.638752	0.772708	23.723548	0.005386	0.6
7	-0.622401	1.768290	22.686196	0.012190	0.6
8	-0.610684	2.768290	21.731723	0.004788	0.7
9	-0.629602	3.768290	20.854322	0.005383	0.5
10	-0.592184	4.399230	20.336281	0.009042	0.6
11	-0.608999	5.399160	19.565997	0.007383	0.6
12	-0.601088	5.232697	19.690156	0.007079	0.6
13	-0.591273	6.204548	18.986748	0.007297	0.6
14	-0.590693	6.035008	19.105816	0.006960	0.6
15	-0.630036	6.501142	18.781980	0.007964	0.6
16	-0.624443	7.501142	18.122989	0.008349	0.7
17	-0.564654	8.501102	17.508698	0.004813	0.7
18	-0.634134	9.501085	16.934673	0.004898	0.6
19	-0.603704	9.431593	16.973344	0.006758	0.6
20	-0.618366	9.282473	17.056926	0.009523	0.6
21	-0.608502	10.282473	16.511671	0.006316	0.6
22	-0.619168	10.112076	16.602103	0.004035	0.6
23	-0.644064	11.112035	16.085119	0.008634	0.6
24	-0.594704	10.941637	16.170927	0.004744	0.6
25	-0.598466	11.941575	15.680061	0.008576	0.6
26	-0.636368	11.771222	15.761569	0.006560	0.6
27	-0.622313	12.767421	15.296575	0.005584	0.6
28	-0.593455	13.263401	15.075150	0.008100	0.6
29	-0.593684	13.467831	14.985738	0.005509	0.6
30	-0.609051	14.387106	14.596444	0.005637	0.6
31	-0.624477	14.226709	14.662905	0.009683	0.6
32	-0.630169	15.226708	14.258151	0.012109	0.6
33	-0.591532	16.226708	13.875143	0.002037	0.6
34	-0.591360	17.226463	13.512260	0.007914	0.6
35	-0.600160	18.132887	13.199279	0.009678	0.7
36	-0.604176	19.132887	12.870390	0.008377	0.9
37	-0.600017	20.132887	12.557492	0.005597	0.6
38	-0.624520	19.962489	12.609729	0.009535	0.6
39	-0.616419	20.962489	12.309229	0.008409	0.6
40	-0.602763	20.792136	12.359404	0.005660	0.6
41	-0.633057	21.792136	12.070580	0.002201	0.6
42	-0.634129	22.260122	11.940001	0.004832	0.6
43	-0.646908	22.362435	11.911829	0.002903	0.6
44	-0.594216	22.309222	11.926464	0.007229	0.6
45	-0.585345	22.304325	11.927813	0.006981	0.6
46	-0.595200	22.133969	11.974922	0.006311	0.6
47	-0.611502	22.743672	11.808014	0.005753	0.6
48	-0.617626	23.743672	11.544110	0.005623	0.5
49	-0.600446	24.743665	11.291747	0.011173	0.6
50	-0.616055	25.743652	11.050183	0.007383	0.6
51	-0.625211	26.743404	10.818791	0.005206	0.6
52	-0.631578	27.743056	10.596912	0.005548	0.5
53	-0.596073	27.572708	10.634076	0.006708	0.6
54	-0.629916	27.460050	10.658798	0.009406	0.5
55	-0.602253	28.460050	10.443295	0.010280	0.8
56	-0.616242	28.289653	10.479398	0.008544	0.6
57	-0.607723	29.289653	10.271017	0.002692	0.6
58	-0.584899	30.111458	10.105873	0.006365	0.6
59	-0.622121	31.108992	9.912414	0.004017	0.6
60	-0.636914	30.938595	9.944934	0.003362	0.6
61	-0.595610	31.491259	9.840227	0.008233	0.6
62	-0.611767	31.350031	9.866773	0.006188	0.6
63	-0.626611	31.179634	9.898994	0.005614	0.6
64	-0.593167	31.009263	9.931421	0.007043	0.6
65	-0.623672	32.009263	9.744068	0.007037	0.6
66	-0.601303	31.838866	9.775492	0.008699	0.6
67	-0.604223	31.830426	9.777053	0.009292	0.6
68	-0.580482	31.660625	9.808579	0.005303	0.6
69	-0.603347	31.491108	9.840255	0.004850	0.6
70	-0.596265	32.425474	9.668157	0.007524	0.6
71	-0.585767	32.276895	9.695120	0.005911	0.6
72	-0.623467	33.276828	9.516508	0.002001	0.5
73	-0.599584	34.180336	9.360688	0.005346	0.5
74	-0.627399	34.262014	9.346852	0.003427	0.5
75	-0.601307	35.250911	9.182534	0.005797	0.5
76	-0.589334	35.093877	9.208240	0.002830	0.6
77	-0.597589	36.066883	9.051237	0.004822	0.6
78	-0.595529	35.966613	9.067169	0.006689	0.7
79	-0.604853	36.356156	9.005588	0.010194	0.6
80	-0.622999	37.356156	8.851267	0.003625	0.6
81	-0.593248	37.190593	8.876450	0.002660	0.6
82	-0.610993	37.021938	8.902252	0.005669	0.6
83	-0.586227	36.853905	8.928108	0.005336	0.6
84	-0.598335	37.451574	8.836818	0.003529	0.6
85	-0.591334	38.436974	8.690313	0.005121	0.6
86	-0.589925	39.434206	8.546913	0.008137	0.6
87	-0.622393	39.263809	8.571079	0.002877	0.6
88	-0.610290	40.263710	8.431189	0.004813	0.6
89	-0.586275	41.250400	8.297551	0.006184	0.6
90	-0.599369	42.218800	8.170448	0.004701	0.6
91	-0.613031	42.048443	8.192524	0.009883	0.6
92	-0.589196	41.882382	8.214159	0.009748	0.6
93	-0.595242	42.882382	8.085577	0.004446	0.6
94	-0.607239	42.711994	8.107200	0.005174	0.6
95	-0.614370	42.541619	8.128938	0.006061	0.6
96	-0.624575	42.371222	8.150796	0.004109	0.6
97	-0.590549	42.205626	8.172151	0.008536	0.8
98	-0.615028	42.035229	8.194242	0.006329	0.7
99	-0.569301	42.505177	8.133603	0.003377	0.7
100	-0.594742	43.504949	8.007539	0.003757	0.7
101	-0.636070	43.437177	8.015961	0.008843	0.6
102	-0.593828	43.267179	8.037165	0.004931	0.6
103	-0.587418	43.096781	8.058531	0.003378	0.6
104	-0.573087	43.557190	8.001059	0.006624	0.6
105	-0.620982	43.396024	8.021084	0.003706	0.6
106	-0.640441	43.225627	8.042364	0.009523	0.6
107	-0.593553	44.225625	7.919064	0.005514	0.5
108	-0.604711	44.055228	7.939806	0.006003	0.6
109	-0.632595	45.055228	7.819606	0.008307	0.6
110	-0.581827	44.884941	7.839817	0.007763	0.6
111	-0.609960	45.884941	7.722604	0.007151	0.6
112	-0.624233	46.883645	7.608989	0.005533	0.6
113	-0.643349	46.713266	7.628134	0.008615	0.6
114	-0.585323	47.713236	7.517124	0.003040	0.6
115	-0.619414	47.542969	7.535797	0.007400	0.6
116	-0.597744	47.932633	7.493198	0.008158	0.6
117	-0.630342	47.762236	7.511767	0.007102	0.5
118	-0.577417	48.762236	7.404090	0.007430	0.8
119	-0.631883	48.591852	7.422218	0.010107	0.7
120	-0.626936	49.227730	7.355013	0.009121	0.6
121	-0.607410	50.226266	7.251902	0.005374	0.6
122	-0.637831	50.056295	7.269249	0.005564	0.6
123	-0.613642	50.824052	7.191545	0.005139	0.6
124	-0.567249	50.702992	7.203687	0.007548	0.5
125	-0.605849	51.702992	7.104603	0.007295	0.7
126	-0.610860	52.698361	7.008648	0.003105	0.6
127	-0.638370	53.551428	6.928451	0.005005	0.7
128	-0.632169	53.381903	6.944241	0.005482	0.5
129	-0.621534	54.345386	6.855442	0.005947	0.6
130	-0.584652	54.193968	6.869246	0.007127	0.6
131	-0.618676	55.193929	6.779095	0.011905	0.6
132	-0.590222	55.023531	6.794290	0.002063	0.6
133	-0.658966	54.853551	6.809515	0.005956	0.6
134	-0.583072	55.800455	6.725558	0.007051	0.6
135	-0.550149	56.800455	6.639111	0.002361	0.6
136	-0.621703	56.673545	6.649959	0.004737	0.5
137	-0.622447	56.506110	6.664325	0.006420	0.6
138	-0.620426	57.506084	6.579438	0.004765	0.6
139	-0.579671	58.506083	6.496684	0.009632	0.6
140	-0.573030	58.335729	6.510634	0.004969	0.6
141	-0.625415	59.335727	6.429591	0.006087	0.6
142	-0.601069	59.231261	6.437963	0.006138	0.5
143	-0.603678	59.060864	6.451665	0.006507	0.6
144	-0.606715	58.890550	6.465419	0.008291	0.6
145	-0.598055	59.888246	6.385673	0.001815	0.6
146	-0.616751	59.718204	6.399125	0.004501	0.6
147	-0.626508	60.509515	6.337001	0.008195	0.6
148	-0.602032	60.426126	6.343491	0.003513	0.7
149	-0.587432	61.284087	6.277349	0.003929	0.6
150	-0.630776	62.278850	6.202366	0.005129	0.6
151	-0.585179	63.268029	6.129559	0.000974	0.6
152	-0.617523	63.115742	6.140657	0.002418	0.6
153	-0.599599	63.028898	6.147003	0.007411	0.5
154	-0.595614	62.873317	6.158405	0.003858	0.6
155	-0.599546	63.872441	6.085908	0.003361	0.5
156	-0.570717	64.785071	6.021163	0.005612	0.5
157	-0.610732	65.745770	5.954479	0.005070	0.6
158	-0.637806	65.641255	5.961662	0.003155	0.6
159	-0.647568	66.636685	5.893946	0.002851	0.6
160	-0.605771	66.479736	5.904520	0.005955	0.6
161	-0.570596	66.319286	5.915370	0.006493	0.7
162	-0.588601	66.148899	5.926935	0.001849	0.6
163	-0.603779	65.982925	5.938245	0.003478	0.6
164	-0.629499	66.361276	5.912527	0.006381	0.6
165	-0.631621	66.806759	5.882530	0.005058	0.6
166	-0.602452	66.636362	5.893968	0.003032	0.6
167	-0.603807	67.630034	5.827888	0.005194	0.6
168	-0.621834	67.663822	5.825667	0.005155	0.6
169	-0.580533	68.648682	5.761667	0.006648	0.6
170	-0.597334	68.478285	5.772640	0.004338	0.6
171	-0.625755	68.307905	5.783653	0.009620	0.6
172	-0.627798	69.307878	5.719611	0.004409	0.6
173	-0.616817	70.307852	5.656971	0.004179	0.6
174	-0.627177	71.281411	5.597291	0.004000	0.5
175	-0.597450	71.947043	5.557206	0.006555	0.6
176	-0.603683	72.944644	5.498194	0.006457	0.5
177	-0.631122	73.944375	5.440300	0.006050	0.6
178	-0.611225	73.903287	5.442655	0.002765	0.6
179	-0.592761	73.763015	5.450712	0.006882	0.6
180	-0.643186	73.625594	5.458628	0.003523	0.7
181	-0.584689	74.625393	5.401556	0.002274	0.6
182	-0.601327	74.536991	5.406554	0.007163	0.6
183	-0.619515	74.368562	5.416102	0.003649	0.6
184	-0.618806	74.198717	5.425765	0.006891	0.6
185	-0.584506	75.197186	5.369449	0.002828	0.6
186	-0.592510	75.027166	5.378956	0.004638	0.5
187	-0.566352	74.857338	5.388486	0.004891	0.6
188	-0.593651	74.686947	5.398081	0.011818	0.6
189	-0.610950	75.373795	5.359609	0.003358	0.6
190	-0.626248	76.371910	5.304670	0.003585	0.6
191	-0.585441	76.567680	5.294027	0.006993	0.6
192	-0.634300	76.401877	5.303038	0.006563	0.6
193	-0.623708	76.231480	5.312332	0.005532	0.6
194	-0.587027	76.061082	5.321658	0.003260	0.6
195	-0.617734	76.356708	5.305499	0.006793	0.6
196	-0.572980	77.356667	5.251560	0.004882	0.6
197	-0.627764	77.961754	5.219450	0.002352	0.6
198	-0.592488	77.792917	5.228370	0.003679	0.6
199	-0.587320	78.506746	5.190863	0.008520	0.6
200	-0.629008	78.336349	5.199767	0.008298	0.6
201	-0.607827	78.167360	5.208628	0.008403	0.7
202	-0.606277	79.167360	5.156629	0.004742	0.6
203	-0.600542	80.167357	5.105658	0.011116	0.6
204	-0.582013	81.167357	5.055684	0.008840	0.6
205	-0.580449	82.167357	5.006679	0.002871	0.7
206	-0.606204	82.003183	5.014659	0.009700	0.5
207	-0.638601	82.997810	4.966700	0.005166	0.6
208	-0.615756	82.831890	4.974636	0.006240	0.6
209	-0.635474	82.731074	4.979471	0.007187	0.5
210	-0.587687	83.731074	4.931926	0.004654	0.5
211	-0.605328	84.731074	4.885280	0.006195	0.6
212	-0.595039	85.723906	4.839833	0.005872	0.5
213	-0.580722	86.723751	4.794912	0.004466	0.5
214	-0.599073	86.561400	4.802149	0.006513	0.6
215	-0.627190	86.391458	4.809748	0.005606	0.7
216	-0.634596	87.244483	4.771845	0.003617	0.6
217	-0.615713	87.790125	4.747912	0.005541	0.6
218	-0.584569	88.568071	4.714201	0.007622	0.7
219	-0.605216	88.398984	4.721487	0.009338	0.6
220	-0.590949	89.398984	4.678720	0.007546	0.6
221	-0.609892	90.398982	4.636720	0.008503	0.7
222	-0.610306	91.398982	4.595468	0.005639	0.6
223	-0.586494	91.228961	4.602430	0.005682	0.6
224	-0.587334	91.058565	4.609428	0.008746	0.6
225	-0.591044	91.189480	4.604049	0.006078	0.6
226	-0.602716	91.019083	4.611053	0.006346	0.6
227	-0.610232	91.950120	4.573044	0.002566	0.6
228	-0.626733	91.966486	4.572382	0.005385	0.6
229	-0.606693	91.876933	4.576009	0.004273	0.6
230	-0.649606	91.731855	4.581898	0.007134	0.6
231	-0.602677	92.702651	4.542778	0.003150	0.6
232	-0.614756	92.532268	4.549595	0.004260	0.6
233	-0.598879	93.018839	4.530180	0.007454	0.6
234	-0.625531	92.848465	4.536960	0.004073	0.6
235	-0.625513	92.678123	4.543758	0.007041	0.6
236	-0.579352	92.671345	4.544029	0.004806	0.6
237	-0.590224	93.671304	4.504404	0.004134	0.7
238	-0.618051	94.670308	4.465501	0.004780	0.7
239	-0.601853	94.500877	4.472052	0.005886	0.7
240	-0.642645	94.340199	4.478282	0.005195	0.6
241	-0.637632	95.340192	4.439789	0.006062	0.7
242	-0.566549	96.337756	4.402043	0.006585	0.7
243	-0.651980	96.311952	4.403012	0.004791	0.6
244	-0.570403	96.141663	4.409412	0.005645	0.6
245	-0.642202	96.077499	4.411829	0.015067	0.6
246	-0.638834	97.077499	4.374465	0.008120	0.6
247	-0.620781	98.077499	4.337729	0.009103	0.6
248	-0.605712	99.016637	4.303786	0.004853	0.6
249	-0.602219	100.004610	4.268646	0.009269	0.6
250	-0.583512	99.834332	4.274662	0.007189	0.6
251	-0.590983	99.729946	4.278358	0.003925	0.6
252	-0.597330	100.723668	4.243430	0.005713	0.6
253	-0.597325	101.497003	4.216641	0.002560	0.6
254	-0.595963	101.994545	4.199584	0.006400	0.6
255	-0.618851	102.989737	4.165876	0.001892	0.6
256	-0.578622	102.828319	4.171307	0.006602	0.6
257	-0.618087	103.388893	4.152508	0.004467	0.6
258	-0.609066	104.157279	4.127014	0.007932	0.6
259	-0.598305	105.156132	4.094338	0.004982	0.6
260	-0.605359	106.156132	4.062139	0.006799	0.6
261	-0.582973	105.985735	4.067590	0.006771	0.7
262	-0.633090	106.793768	4.041871	0.006591	0.6
263	-0.598156	107.793735	4.010489	0.004006	0.8
264	-0.614859	108.793186	3.979607	0.002998	0.6
265	-0.594590	108.623633	3.984813	0.004895	0.6
266	-0.597274	108.626981	3.984710	0.008096	0.6
267	-0.608158	108.456586	3.989955	0.006840	0.6
268	-0.604367	108.286188	3.995213	0.008322	0.6
269	-0.603958	108.115791	4.000486	0.003138	0.6
270	-0.646534	109.026810	3.972457	0.009280	0.6
271	-0.623467	108.857476	3.977637	0.004754	0.7
272	-0.583247	108.724991	3.981699	0.005358	0.6
273	-0.636338	109.723736	3.951279	0.003760	0.6
274	-0.582423	109.710534	3.951678	0.007806	0.6
275	-0.620142	109.540137	3.956836	0.007528	0.6
276	-0.632298	110.540136	3.926755	0.006541	0.6
277	-0.620422	110.373041	3.931750	0.004650	0.6
278	-0.593994	111.372029	3.902077	0.005383	0.6
279	-0.600150	112.319609	3.874343	0.005497	0.6
280	-0.602264	112.450232	3.870551	0.006041	0.5
281	-0.587106	112.279851	3.875499	0.004425	0.6
282	-0.606115	113.257248	3.847285	0.002430	0.6
283	-0.630995	114.222538	3.819821	0.006695	0.6
284	-0.602771	114.052305	3.824636	0.007612	1.0
285	-0.633238	113.881911	3.829467	0.006643	0.7
286	-0.600703	113.711514	3.834311	0.010271	0.6
287	-0.596792	114.711514	3.806058	0.005503	0.7
288	-0.592103	115.711514	3.778218	0.006922	0.6
289	-0.600453	116.711512	3.750782	0.007625	0.6
290	-0.611799	117.711509	3.723742	0.004963	0.6
291	-0.577843	117.542381	3.728288	0.002392	0.6
292	-0.632860	118.157009	3.711821	0.010058	0.6
293	-0.603725	119.150987	3.685496	0.007115	0.6
294	-0.591754	120.150987	3.659386	0.005427	0.8
295	-0.634260	119.980591	3.663809	0.003457	0.6
296	-0.607843	119.883279	3.666339	0.007330	0.9
297	-0.637661	119.712889	3.670779	0.008908	0.8
298	-0.570687	119.543949	3.675191	0.006219	0.6
299	-0.570763	119.373552	3.679652	0.008756	0.6
300	-0.590426	119.203155	3.684125	0.005055	0.6
301	-0.624580	119.032758	3.688608	0.004070	0.6
302	-0.613411	118.883920	3.692532	0.003477	1.1
303	-0.617285	118.715212	3.696991	0.007281	0.9
304	-0.609537	119.694388	3.671262	0.005035	0.7
305	-0.594774	119.524000	3.675713	0.003751	0.6
306	-0.631580	120.522793	3.649772	0.008706	0.9
307	-0.609291	121.522793	3.624163	0.003203	1.0
308	-0.627599	121.356112	3.628407	0.006159	0.6
309	-0.581826	121.369074	3.628076	0.005276	0.6
310	-0.605329	121.198684	3.632424	0.009665	0.6
311	-0.612314	122.198649	3.607058	0.002088	0.6
312	-0.591784	122.738489	3.593511	0.006803	0.6
313	-0.619438	123.270577	3.580258	0.004080	0.6
314	-0.635831	123.443114	3.575981	0.002479	0.6
315	-0.631823	123.301855	3.579482	0.004990	0.6
316	-0.613229	123.292918	3.579704	0.005767	0.6
317	-0.590201	123.214902	3.581640	0.004597	0.6
318	-0.602514	123.045192	3.585860	0.006846	0.6
319	-0.597339	123.994797	3.562375	0.004465	0.6
320	-0.618532	123.824402	3.566567	0.004475	0.7
321	-0.624344	124.813298	3.542379	0.006330	0.7
322	-0.582735	124.642937	3.546522	0.004683	0.7
323	-0.628484	125.642749	3.522342	0.003683	0.7
324	-0.612290	125.473071	3.526422	0.006725	0.6
325	-0.581627	125.302674	3.530529	0.005615	0.6
326	-0.613054	126.302619	3.506563	0.003808	0.6
327	-0.576541	126.140737	3.510421	0.005312	0.6
328	-0.566756	127.090578	3.487905	0.006115	0.6
329	-0.559562	128.090307	3.464517	0.006161	0.6
330	-0.615879	129.090305	3.441434	0.004558	0.6
331	-0.623792	128.919908	3.445346	0.007898	0.6
332	-0.594879	128.749788	3.449260	0.004036	0.7
333	-0.590008	128.579924	3.453177	0.004020	0.7
334	-0.618875	128.418091	3.456917	0.008509	0.6
335	-0.618532	129.406104	3.434208	0.010517	0.6
336	-0.588525	130.406045	3.411528	0.004305	0.6
337	-0.601605	131.400446	3.389268	0.003344	0.6
338	-0.579012	132.354848	3.368175	0.002456	0.6
339	-0.593668	132.217899	3.371185	0.001829	0.6
340	-0.601200	132.728876	3.359980	0.004809	0.6
341	-0.624192	133.151836	3.350761	0.009895	0.7
342	-0.610403	134.150147	3.329200	0.004049	0.7
343	-0.600381	135.150147	3.307880	0.005488	0.7
344	-0.607714	134.980834	3.311470	0.006443	0.7
345	-0.607125	134.819338	3.314902	0.009207	0.6
346	-0.615459	135.724860	3.295750	0.003786	0.6
347	-0.598622	135.554463	3.299337	0.007958	0.6
348	-0.609087	136.554420	3.278397	0.008115	0.6
349	-0.639695	136.384023	3.281946	0.004379	0.6
350	-0.612232	137.384022	3.261225	0.004690	0.6
351	-0.618938	138.383777	3.240768	0.007419	0.6
352	-0.612250	139.362786	3.220984	0.004005	0.6
353	-0.616903	139.227615	3.223701	0.005215	0.6
354	-0.598692	139.057295	3.227131	0.004927	0.6
355	-0.622905	138.889467	3.230519	0.004678	0.6
356	-0.577248	139.885972	3.210509	0.003091	0.6
357	-0.604626	139.786547	3.212494	0.007606	0.6
358	-0.587496	140.100703	3.206230	0.005857	0.6
359	-0.578054	139.932298	3.209585	0.004165	0.6
360	-0.636111	139.766359	3.212898	0.007068	0.6
361	-0.656005	139.602751	3.216171	0.004827	0.6
362	-0.618835	139.432355	3.219587	0.006067	0.6
363	-0.598552	139.634511	3.215535	0.006963	0.7
364	-0.614839	140.566558	3.196985	0.004449	0.8
365	-0.610480	140.405255	3.200180	0.006237	0.7
366	-0.618336	140.248109	3.203299	0.009029	0.7
367	-0.613707	140.120293	3.205840	0.002912	0.6
368	-0.627019	141.067247	3.187108	0.007642	0.6
369	-0.585919	141.800337	3.172757	0.007149	0.6
370	-0.598244	141.629940	3.176081	0.004580	0.6
371	-0.604572	141.704421	3.174627	0.007541	0.6
372	-0.600041	141.537752	3.177883	0.005872	0.6
373	-0.607223	142.537001	3.158465	0.005290	0.6
374	-0.574796	143.524687	3.139504	0.006328	0.6
375	-0.606798	144.524677	3.120537	0.006127	0.6
376	-0.604353	145.522986	3.101829	0.002408	0.6
377	-0.604965	146.461349	3.084448	0.005319	0.6
378	-0.631618	146.532470	3.083139	0.004552	0.6
379	-0.623389	146.365146	3.086221	0.007442	0.6
380	-0.621808	146.194749	3.089367	0.004638	0.5
381	-0.638818	146.025213	3.092503	0.005861	0.6
382	-0.610708	145.858863	3.095586	0.006675	0.6
383	-0.601003	146.857634	3.077167	0.006995	0.6
384	-0.625730	147.857632	3.058943	0.005686	0.6
385	-0.563936	147.687235	3.062033	0.004098	0.6
386	-0.609240	147.870413	3.058712	0.005316	0.6
387	-0.627622	147.705169	3.061708	0.006974	0.6
388	-0.626053	147.534781	3.064803	0.003518	0.6
389	-0.572591	147.366830	3.067860	0.004305	0.6
390	-0.605840	147.196776	3.070962	0.004278	0.6
391	-0.613202	148.106689	3.054438	0.001326	0.6
392	-0.611293	147.990444	3.056539	0.004170	0.6
393	-0.599706	147.836519	3.059326	0.006030	0.6
394	-0.649986	148.706738	3.043638	0.005405	0.6
395	-0.584165	148.536341	3.046697	0.008192	0.5
396	-0.563967	149.533054	3.028890	0.006719	0.5
397	-0.594444	149.362823	3.031917	0.007701	0.6
398	-0.598222	150.362823	3.014224	0.007542	0.6
399	-0.602557	151.311017	2.997637	0.005055	0.6
400	-0.623917	151.141789	3.000584	0.002297	0.6
401	-0.603259	152.121566	2.983602	0.004868	0.6
402	-0.615474	152.322671	2.980140	0.008748	0.6
403	-0.603041	152.152276	2.983073	0.006372	0.7
404	-0.596604	151.981879	2.986012	0.005389	0.7
405	-0.621568	152.895989	2.970315	0.005820	0.7
406	-0.605840	153.893454	2.953375	0.010453	0.6
407	-0.607339	154.890856	2.936627	0.005611	0.6
408	-0.592311	155.109919	2.932974	0.006799	0.6
409	-0.626547	154.939524	2.935815	0.003575	0.6
410	-0.587443	155.939505	2.919223	0.002371	0.6
411	-0.604807	155.778534	2.921881	0.002167	0.6
412	-0.598185	155.749382	2.922363	0.008994	0.6
413	-0.586345	155.585822	2.925070	0.004290	0.6
414	-0.603832	155.962879	2.918838	0.003747	0.6
415	-0.622531	156.502304	2.909967	0.009034	0.6
416	-0.609524	156.895976	2.903528	0.008535	0.6
417	-0.601694	157.895852	2.887299	0.002490	0.6
418	-0.572316	157.893390	2.887339	0.008619	0.5
419	-0.574090	158.819541	2.872468	0.006607	0.6
420	-0.597300	158.649144	2.875193	0.003579	0.5
421	-0.601492	158.482099	2.877869	0.004811	0.5
422	-0.626158	158.312231	2.880595	0.006532	0.6
423	-0.570585	158.244218	2.881688	0.003141	0.5
424	-0.641999	158.074635	2.884417	0.007084	0.6
425	-0.623896	158.032974	2.885088	0.009196	0.6
426	-0.598939	157.863621	2.887820	0.004862	0.6
427	-0.616402	158.863621	2.871764	0.007958	0.6
428	-0.590674	158.693226	2.874487	0.006099	0.6
429	-0.614755	158.522829	2.877216	0.004805	0.5
430	-0.614131	158.352432	2.879949	0.010735	0.6
431	-0.598491	158.182035	2.882688	0.004714	0.6
432	-0.573137	159.182035	2.866689	0.006742	0.6
433	-0.614843	160.179246	2.850911	0.006519	0.6
434	-0.600125	160.008848	2.853595	0.002939	0.6
435	-0.626754	160.913644	2.839402	0.002491	0.6
436	-0.610004	161.419882	2.831522	0.007514	0.5
437	-0.571804	161.508221	2.830151	0.004882	0.5
438	-0.599763	162.493063	2.814961	0.006552	0.6
439	-0.613614	162.403165	2.816341	0.004949	0.6
440	-0.599203	162.233904	2.818943	0.003544	0.6
441	-0.571835	162.063599	2.821565	0.003599	0.6
442	-0.591171	161.895692	2.824156	0.005908	0.5
443	-0.617273	162.895171	2.808806	0.008719	0.6
444	-0.624288	163.895149	2.793615	0.004693	0.6
445	-0.604084	163.724881	2.796190	0.009544	0.6
446	-0.573709	163.554483	2.798772	0.004089	0.7
447	-0.632699	164.551316	2.783736	0.003794	0.6
448	-0.629950	164.394933	2.786084	0.005946	0.7
449	-0.611892	164.229422	2.788574	0.005579	0.6
450	-0.639487	165.229410	2.773600	0.008501	0.6
451	-0.617172	165.059743	2.776129	0.006158	0.6
452	-0.614469	164.889346	2.778674	0.005184	0.5
453	-0.617864	165.889344	2.763806	0.006141	0.6
454	-0.600832	165.718967	2.766328	0.005238	0.7
455	-0.631415	165.548570	2.768855	0.007496	0.6
456	-0.567749	166.548503	2.754092	0.004043	0.6
457	-0.596191	166.378106	2.756597	0.005742	0.6
458	-0.586916	167.336645	2.742567	0.005371	0.6
459	-0.626151	167.175465	2.744916	0.007271	0.6
460	-0.587280	167.090759	2.746152	0.005829	0.6
461	-0.602802	166.929223	2.748513	0.005689	0.6
462	-0.589155	166.758826	2.751007	0.003704	0.6
463	-0.586542	167.703074	2.737242	0.006543	0.6
464	-0.585480	168.165271	2.730553	0.007566	0.6
465	-0.636216	167.994873	2.733015	0.008141	0.6
466	-0.621960	168.920779	2.719691	0.007662	0.6
467	-0.614735	168.750382	2.722134	0.012492	0.6
468	-0.621993	169.750382	2.707863	0.004064	0.6
469	-0.650175	169.579987	2.710284	0.007132	0.6
470	-0.583814	170.579954	2.696137	0.012421	0.7
471	-0.593282	170.409557	2.698538	0.004116	0.6
472	-0.594388	170.468357	2.697709	0.005023	0.5
473	-0.579637	170.298091	2.700110	0.002297	0.6
474	-0.619457	170.137555	2.702378	0.005583	0.6
475	-0.624604	169.970780	2.704738	0.004015	0.5
476	-0.593756	170.970690	2.690650	0.008909	0.7
477	-0.624238	170.800292	2.693040	0.004002	0.6
478	-0.583396	170.630226	2.695430	0.005805	0.7
479	-0.594675	171.629030	2.681454	0.005601	0.6
480	-0.572599	172.619725	2.667734	0.005045	0.6
481	-0.581401	172.450154	2.670072	0.006305	0.6
482	-0.622803	173.439087	2.656492	0.008133	0.7
483	-0.581936	174.391358	2.643545	0.003449	0.6
484	-0.572875	175.390914	2.630091	0.005973	0.6
485	-0.631438	176.383833	2.616860	0.004535	0.6
486	-0.589017	177.382489	2.603687	0.005274	0.6
487	-0.602698	178.358743	2.590937	0.007580	0.6
488	-0.605340	179.358332	2.578011	0.004544	0.6
489	-0.616934	180.358332	2.565207	0.004052	0.6
490	-0.625083	180.187969	2.567380	0.009277	0.6
491	-0.589497	181.187961	2.554682	0.004580	0.5
492	-0.626235	181.017564	2.556837	0.006683	0.6
493	-0.595048	181.972733	2.544804	0.003402	0.6
494	-0.614205	182.793981	2.534549	0.005505	0.6
495	-0.608922	182.625870	2.536642	0.003770	0.6
496	-0.585326	183.625647	2.524248	0.006845	0.6
497	-0.606445	183.481907	2.526022	0.003790	0.6
498	-0.602029	184.453490	2.514077	0.008789	0.7
499	-0.627376	184.283095	2.516164	0.004555	0.6
500	-0.568737	185.283042	2.503967	0.008762	0.6
501	-0.655209	185.112645	2.506037	0.009524	0.6
502	-0.569294	186.109695	2.493973	0.005323	0.6
503	-0.600922	187.109558	2.481990	0.008775	0.6
504	-0.615114	186.939183	2.484024	0.004227	0.6
505	-0.575005	187.093402	2.482183	0.005512	0.6
506	-0.595033	186.923007	2.484217	0.004050	0.6
507	-0.595109	186.765134	2.486105	0.004748	0.7
508	-0.629595	187.758831	2.474271	0.005516	0.6
509	-0.588260	188.431433	2.466325	0.005569	0.6
510	-0.601682	189.431414	2.454604	0.007443	0.7
511	-0.603947	189.274851	2.456432	0.006391	0.5
512	-0.605848	190.274851	2.444805	0.008569	0.6
513	-0.587580	190.125781	2.446532	0.007618	0.6
514	-0.621794	191.125781	2.434998	0.005941	0.6
515	-0.618769	190.955384	2.436956	0.007287	0.6
516	-0.568401	191.955384	2.425512	0.004438	0.6
517	-0.625611	191.787869	2.427422	0.006526	0.6
518	-0.606426	191.619198	2.429347	0.002482	0.6
519	-0.612632	191.818205	2.427076	0.004700	0.6
520	-0.588521	192.679462	2.417293	0.007828	0.7
521	-0.570962	193.202813	2.411387	0.007784	0.7
522	-0.556547	193.935923	2.403162	0.006791	0.7
523	-0.592642	193.767663	2.405045	0.010580	0.7
524	-0.652258	193.597307	2.406954	0.007368	0.6
525	-0.600196	194.597305	2.395790	0.004054	0.6
526	-0.565683	195.596014	2.384743	0.008468	0.6
527	-0.646533	195.447078	2.386384	0.006219	0.6
528	-0.589561	196.447077	2.375410	0.005022	0.7
529	-0.588710	196.429252	2.375604	0.004778	0.6
530	-0.606533	197.424512	2.364780	0.007191	0.6
531	-0.640620	197.254117	2.366626	0.005163	0.6
532	-0.626193	197.083780	2.368475	0.008308	0.6
533	-0.617213	196.913382	2.370327	0.003477	0.6
534	-0.608262	197.913358	2.359499	0.008237	0.6
535	-0.588953	198.635705	2.351739	0.006377	0.6
536	-0.621984	199.616643	2.341283	0.003794	0.5
537	-0.600375	200.613441	2.330752	0.006962	0.6
538	-0.605598	201.611140	2.320306	0.004590	0.5
539	-0.638262	201.450894	2.321977	0.007362	0.6
540	-0.566568	202.450887	2.311586	0.005916	0.6
541	-0.570189	202.280493	2.313350	0.005995	0.6
542	-0.604168	203.252740	2.303320	0.003440	0.7
543	-0.629539	204.251167	2.293111	0.006871	0.7
544	-0.580359	204.085452	2.294799	0.002654	0.7
545	-0.616894	204.397071	2.291626	0.002881	0.6
546	-0.609423	204.249219	2.293131	0.004572	0.6
547	-0.604707	205.230806	2.283181	0.005536	0.6
548	-0.629591	206.175923	2.273682	0.006054	0.6
549	-0.580475	206.049899	2.274944	0.010044	0.6
550	-0.638964	205.879502	2.276653	0.004640	0.6
551	-0.598329	206.725075	2.268199	0.009941	0.6
552	-0.575945	206.554720	2.269898	0.002860	0.6
553	-0.625607	206.384323	2.271599	0.008152	0.6
554	-0.649589	207.384087	2.261654	0.010187	0.6
555	-0.588267	207.213689	2.263343	0.006806	0.6
556	-0.611883	208.213689	2.253469	0.004188	0.6
557	-0.603994	209.213670	2.243680	0.008130	0.6
558	-0.587008	210.202017	2.234089	0.005084	0.6
559	-0.611434	211.202016	2.224468	0.005062	0.6
560	-0.621426	211.038609	2.226034	0.008445	0.6
561	-0.631825	212.038608	2.216482	0.006900	0.6
562	-0.620128	213.038608	2.207011	0.006386	0.6
563	-0.603369	212.868662	2.208615	0.006405	0.6
564	-0.563818	212.698279	2.210225	0.006904	0.7
565	-0.605703	212.531819	2.211801	0.004905	0.7
566	-0.585438	212.406399	2.212989	0.003733	0.8
567	-0.583439	212.960204	2.207751	0.005646	0.6
568	-0.619001	213.940007	2.198544	0.011713	0.6
569	-0.569319	213.769609	2.200140	0.008138	0.6
570	-0.599580	213.610339	2.201633	0.004046	0.6
571	-0.598783	213.440068	2.203232	0.006897	0.6
572	-0.606143	213.269700	2.204834	0.005992	0.6
573	-0.588932	214.269699	2.195463	0.003342	0.6
574	-0.605684	215.260494	2.186256	0.007903	0.6
575	-0.614051	216.260485	2.177041	0.007591	0.6
576	-0.601356	217.178819	2.168647	0.006760	0.6
577	-0.612938	218.178819	2.159580	0.004568	0.6
578	-0.629556	218.016331	2.161049	0.006986	0.6
579	-0.608989	217.846131	2.162588	0.005529	0.6
580	-0.598680	217.675733	2.164132	0.005648	0.6
581	-0.592620	217.505376	2.165678	0.005955	0.6
582	-0.606894	218.505363	2.156636	0.007248	0.5
583	-0.584480	218.651843	2.155318	0.009661	0.6
584	-0.601364	219.651836	2.146362	0.007211	0.5
585	-0.618964	219.481438	2.147883	0.006208	0.6
586	-0.591421	220.476450	2.139032	0.007138	0.7
587	-0.599325	220.306053	2.140543	0.006794	0.6
588	-0.595532	221.154550	2.133042	0.004474	0.7
589	-0.599027	220.984172	2.134544	0.007551	0.6
590	-0.603878	221.075817	2.133736	0.004492	0.8
591	-0.605472	220.905475	2.135239	0.004307	0.6
592	-0.587863	220.741790	2.136684	0.001413	0.6
593	-0.606156	220.747920	2.136630	0.006997	0.6
594	-0.585392	221.591708	2.129198	0.003794	0.6
595	-0.584899	221.421311	2.130695	0.004147	0.6
596	-0.619145	221.898142	2.126512	0.006013	0.6
597	-0.638997	221.830904	2.127101	0.006719	0.6
598	-0.584864	222.160642	2.124217	0.006587	0.6
599	-0.583728	223.159019	2.115531	0.004726	0.6
600	-0.608429	224.158941	2.106902	0.004930	0.6
601	-0.604854	223.988964	2.108364	0.001363	0.6
602	-0.632516	224.272433	2.105927	0.007413	0.6
603	-0.611760	225.174499	2.098210	0.005904	0.5
604	-0.600678	225.004102	2.099664	0.005326	0.6
605	-0.621368	224.854338	2.100943	0.005047	0.6
606	-0.584611	225.854321	2.092432	0.009262	0.5
607	-0.634091	225.686288	2.093857	0.005421	0.6
608	-0.592170	225.515891	2.095305	0.007432	0.7
609	-0.622734	226.496495	2.087003	0.007845	0.7
610	-0.617873	226.713833	2.085172	0.005875	0.7
611	-0.613108	226.543436	2.086607	0.005495	0.9
612	-0.630838	226.373052	2.088044	0.002857	0.7
613	-0.609833	226.217749	2.089356	0.002203	0.6
614	-0.596467	226.630206	2.085876	0.007725	0.6
615	-0.599033	226.469363	2.087232	0.005221	0.6
616	-0.608206	226.298966	2.088670	0.009658	0.6
617	-0.615985	226.129104	2.090105	0.009266	0.6
618	-0.597892	226.706349	2.085235	0.003704	0.6
619	-0.607757	226.535969	2.086670	0.006829	0.7
620	-0.609572	227.535965	2.078274	0.007797	0.6
621	-0.592157	227.365567	2.079700	0.006479	0.6
622	-0.591347	228.364765	2.071367	0.005740	0.6
623	-0.635068	228.226058	2.072520	0.005049	0.6
624	-0.576438	228.056334	2.073932	0.005210	0.6
625	-0.624038	227.902486	2.075214	0.007509	0.5
626	-0.619147	228.760558	2.068084	0.007766	0.5
627	-0.584333	228.590161	2.069496	0.004944	0.6
628	-0.594753	228.419798	2.070910	0.004130	0.6
629	-0.613712	228.421479	2.070896	0.007436	0.8
630	-0.605272	229.322153	2.063445	0.005832	0.7
631	-0.628926	229.151755	2.064850	0.009275	0.7
632	-0.618567	230.151755	2.056629	0.003557	0.6
633	-0.579725	229.981369	2.058025	0.003834	0.6
634	-0.670853	230.291900	2.055482	0.006788	0.6
635	-0.606066	231.291726	2.047336	0.001763	0.6
636	-0.587703	231.130919	2.048642	0.006211	0.6
637	-0.624130	231.964356	2.041892	0.009763	0.6
638	-0.609230	232.964356	2.033852	0.007759	0.6
639	-0.608956	233.332452	2.030908	0.002545	0.6
640	-0.604843	233.903403	2.026359	0.005520	0.6
641	-0.624307	233.736940	2.027684	0.006289	0.6
642	-0.600796	233.566543	2.029041	0.005417	0.6
643	-0.642037	233.750008	2.027579	0.004666	0.5
644	-0.593962	233.579610	2.028937	0.006950	0.6
645	-0.590583	233.409248	2.030295	0.007759	0.6
646	-0.595542	234.341407	2.022883	0.004675	0.5
647	-0.616702	235.339307	2.015009	0.006319	0.6
648	-0.595088	235.513105	2.013643	0.006966	0.6
649	-0.636519	236.482609	2.006061	0.003368	0.5
650	-0.579005	236.312216	2.007390	0.006239	0.7
651	-0.628667	236.143819	2.008704	0.007377	0.6
652	-0.621967	235.973421	2.010036	0.005108	0.7
653	-0.566872	236.950963	2.002419	0.010232	0.6
654	-0.589033	236.960781	2.002343	0.006829	0.6
655	-0.630840	237.960781	1.994610	0.006497	0.6
656	-0.589572	237.823658	1.995667	0.005959	0.6
657	-0.603960	238.719180	1.988786	0.004606	0.6
658	-0.615084	238.566869	1.989953	0.006370	0.6
659	-0.588926	238.396475	1.991260	0.004359	0.6
660	-0.612714	239.396232	1.983615	0.003136	0.6
661	-0.604707	239.225998	1.984913	0.009916	0.6
662	-0.601101	239.202474	1.985092	0.004942	0.6
663	-0.588980	240.200546	1.977507	0.005390	0.6
664	-0.579082	240.069796	1.978497	0.004148	0.6
665	-0.615002	241.037055	1.971194	0.006347	0.6
666	-0.620342	242.019879	1.963828	0.003745	0.6
667	-0.597737	242.750350	1.958389	0.003253	0.6
668	-0.614814	243.328346	1.954107	0.006679	0.7
669	-0.600938	244.326722	1.946754	0.008925	0.6
670	-0.631476	244.314977	1.946840	0.004409	0.6
671	-0.612389	244.144580	1.948091	0.008558	0.6
672	-0.593228	245.134942	1.940842	0.007571	0.8
673	-0.588429	246.134941	1.933577	0.003410	0.7
674	-0.608521	246.263310	1.932648	0.001578	0.7
675	-0.623348	246.237538	1.932834	0.005386	0.9
676	-0.601257	246.087764	1.933918	0.006587	0.7
677	-0.619910	247.087763	1.926704	0.004507	0.6
678	-0.613789	248.084456	1.919568	0.005400	0.6
679	-0.630164	247.914089	1.920784	0.002654	0.6
680	-0.608694	247.823185	1.921434	0.005814	0.6
681	-0.634502	248.429985	1.917106	0.011434	0.6
682	-0.608985	249.271692	1.911136	0.009850	0.6
683	-0.638739	250.271692	1.904091	0.006964	0.6
684	-0.614885	250.107931	1.905241	0.003142	0.7
685	-0.611029	251.082228	1.898418	0.005645	0.6
686	-0.599278	250.912382	1.899604	0.003344	0.6
687	-0.605264	250.771999	1.900585	0.005039	0.6
688	-0.601094	250.602583	1.901771	0.004537	0.6
689	-0.624729	250.432189	1.902965	0.006918	0.6
690	-0.595961	251.250593	1.897244	0.005808	0.7
691	-0.634243	251.102536	1.898277	0.006819	0.7
692	-0.604398	251.190873	1.897661	0.005746	0.9
693	-0.602836	252.190872	1.890714	0.001504	0.6
694	-0.619223	252.519014	1.888446	0.008402	0.6
695	-0.641194	252.514205	1.888479	0.005545	0.6
696	-0.610845	252.343808	1.889656	0.004547	0.6
697	-0.607358	252.177674	1.890806	0.004347	0.6
698	-0.615429	253.174141	1.883934	0.006760	0.6
699	-0.641105	253.081604	1.884570	0.007532	0.6
700	-0.608299	254.081601	1.877719	0.009165	0.6
701	-0.604562	253.911204	1.878883	0.010180	0.6
702	-0.611349	253.740807	1.880048	0.009361	0.6
703	-0.594532	254.587981	1.874269	0.005684	0.6
704	-0.642980	254.486632	1.874958	0.008839	0.5
705	-0.632808	255.486632	1.868177	0.006774	0.6
706	-0.649199	255.317839	1.869318	0.004297	0.6
707	-0.608761	255.150284	1.870452	0.005580	0.7
708	-0.590023	254.980793	1.871601	0.006853	0.7
709	-0.616212	254.810405	1.872757	0.008702	0.6
710	-0.625774	254.640008	1.873915	0.002803	0.7
711	-0.597908	255.639776	1.867143	0.004863	0.7
712	-0.598454	256.423325	1.861869	0.008423	0.7
713	-0.620439	257.416797	1.855225	0.006992	0.7
714	-0.617713	258.416797	1.848586	0.007243	0.6
715	-0.567608	258.993901	1.844776	0.009344	0.6
716	-0.589789	259.993901	1.838210	0.008984	0.6
717	-0.635827	259.823504	1.839326	0.005543	0.6
718	-0.608576	260.823504	1.832799	0.007777	0.6
719	-0.612068	261.823412	1.826319	0.005812	0.6
720	-0.575629	262.823412	1.819885	0.010816	0.6
721	-0.595147	262.653030	1.820978	0.001573	0.6
722	-0.622314	263.649807	1.814601	0.003915	0.6
723	-0.583787	263.504610	1.815527	0.002976	0.6
724	-0.589324	264.477624	1.809339	0.006141	0.6
725	-0.635206	265.451998	1.803185	0.003688	0.6
726	-0.611655	265.482344	1.802994	0.010432	0.7
727	-0.598572	265.311946	1.804067	0.008569	0.6
728	-0.569891	266.311946	1.797788	0.006659	0.6
729	-0.639734	267.311944	1.791552	0.004977	0.7
730	-0.603598	267.143490	1.792600	0.006709	0.7
731	-0.601690	266.973422	1.793658	0.003657	0.6
732	-0.626855	266.803153	1.794719	0.003149	0.6
733	-0.595358	267.765050	1.788741	0.006294	0.6
734	-0.585364	267.650295	1.789452	0.004741	0.6
735	-0.616968	268.013419	1.787204	0.005591	0.6
736	-0.636115	269.013399	1.781041	0.003686	0.6
737	-0.575845	269.986111	1.775088	0.005594	0.6
738	-0.643689	269.815915	1.776127	0.002308	0.6
739	-0.612539	269.646400	1.777163	0.010448	0.6
740	-0.587497	269.497886	1.778071	0.005224	0.6
741	-0.602630	270.497886	1.771971	0.004621	0.6
742	-0.603248	270.329241	1.772997	0.004520	0.6
743	-0.628149	271.307402	1.767064	0.002941	0.6
744	-0.634929	272.259911	1.761325	0.006252	0.6
745	-0.609249	272.093394	1.762325	0.007226	0.5
746	-0.573536	272.933384	1.757289	0.005120	0.6
747	-0.600644	273.932796	1.751334	0.007605	0.6
748	-0.629913	274.932755	1.745416	0.009656	0.6
749	-0.626786	274.762358	1.746422	0.003342	0.8
750	-0.561416	275.760267	1.740549	0.006132	0.7
751	-0.628189	276.569262	1.735817	0.006167	0.7
752	-0.585313	277.569168	1.730004	0.006768	0.7
753	-0.601291	277.523739	1.730267	0.002964	0.6
754	-0.606714	278.523503	1.724492	0.005690	0.6
755	-0.579651	278.354084	1.725468	0.006694	0.6
756	-0.615601	278.284053	1.725872	0.005631	0.7
757	-0.574330	278.115132	1.726846	0.004411	0.6
758	-0.600070	277.958079	1.727754	0.003471	0.6
759	-0.614615	277.788129	1.728736	0.004107	0.6
760	-0.622696	277.633952	1.729629	0.008527	0.6
761	-0.622650	277.624060	1.729686	0.006321	0.6
762	-0.592446	277.500634	1.730401	0.006010	0.6
763	-0.630488	278.500633	1.724624	0.008074	0.6
764	-0.587727	278.330235	1.725605	0.007337	0.6
765	-0.620001	278.159838	1.726588	0.005339	0.6
766	-0.621331	279.159744	1.720837	0.007923	0.6
767	-0.568879	279.004558	1.721727	0.002917	0.6
768	-0.601980	278.834166	1.722705	0.008274	0.6
769	-0.610133	278.667189	1.723665	0.006739	0.6
770	-0.594784	279.667189	1.717932	0.005767	0.6
771	-0.595310	279.860493	1.716829	0.009199	0.6
772	-0.624177	280.860479	1.711141	0.006843	0.7
773	-0.612644	281.860475	1.705491	0.005851	0.6
774	-0.624123	281.796989	1.705849	0.005895	0.6
775	-0.621619	282.775854	1.700352	0.004152	0.6
776	-0.583414	282.646361	1.701077	0.007480	0.6
777	-0.598481	283.642382	1.695516	0.003607	0.6
778	-0.578617	284.632340	1.690024	0.009120	0.5
779	-0.594257	285.631473	1.684517	0.001836	0.6
780	-0.622048	285.463131	1.685442	0.004425	0.6
781	-0.609520	285.832180	1.683415	0.001910	0.6
782	-0.610315	286.658014	1.678896	0.006300	0.7
783	-0.591040	286.504532	1.679734	0.006021	0.6
784	-0.589720	286.346548	1.680598	0.007348	0.6
785	-0.617622	286.176151	1.681530	0.007198	0.6
786	-0.632079	286.005929	1.682462	0.004084	0.6
787	-0.603102	287.005911	1.677000	0.004617	0.6
788	-0.586860	286.856197	1.677815	0.006898	0.6
789	-0.603942	287.854118	1.672394	0.007468	0.6
790	-0.624281	288.565954	1.668549	0.002740	0.6
791	-0.624881	289.047373	1.665958	0.005003	0.6
792	-0.599555	289.985402	1.660933	0.007379	0.6
793	-0.633309	289.815041	1.661843	0.009386	0.6
794	-0.593241	289.645026	1.662753	0.005616	0.6
795	-0.641519	290.643601	1.657425	0.008386	0.6
796	-0.588497	290.484838	1.658270	0.008008	0.6
797	-0.607109	290.314703	1.659176	0.003331	0.6
798	-0.593416	290.654908	1.657365	0.007284	0.6
799	-0.580615	291.654885	1.652064	0.005511	0.7
800	-0.575946	291.484882	1.652963	0.006475	0.5
801	-0.596204	292.484881	1.647690	0.002815	0.6
802	-0.633099	292.316406	1.648576	0.007190	0.6
803	-0.611215	293.315909	1.643334	0.005713	0.7
804	-0.592529	293.145739	1.644224	0.005128	0.6
805	-0.579830	294.145737	1.639006	0.006941	0.6
806	-0.600611	293.975395	1.639893	0.010286	0.6
807	-0.617450	293.804998	1.640780	0.004888	0.6
808	-0.610747	293.634600	1.641669	0.002684	0.6
809	-0.619433	294.361691	1.637884	0.009661	0.7
810	-0.574347	295.347594	1.632780	0.002763	0.6
811	-0.596255	295.301501	1.633018	0.004481	0.6
812	-0.597620	295.164444	1.633725	0.007167	0.6
813	-0.582599	294.994092	1.634606	0.005111	0.6
814	-0.615637	295.993756	1.629451	0.003942	0.6
815	-0.614917	295.826688	1.630311	0.008277	0.6
816	-0.608729	296.814072	1.625246	0.004506	0.6
817	-0.595483	297.814067	1.620148	0.008606	0.6
818	-0.610935	297.643670	1.621014	0.007927	0.6
819	-0.602004	297.473273	1.621881	0.004126	0.5
820	-0.597637	297.375026	1.622382	0.004791	0.5
821	-0.599729	298.160898	1.618387	0.006545	0.6
822	-0.585089	297.990501	1.619252	0.004690	0.6
823	-0.648220	298.065061	1.618873	0.003136	0.6
824	-0.627592	297.902766	1.619697	0.003639	0.7
825	-0.624826	298.060595	1.618896	0.005558	0.7
826	-0.639116	297.890307	1.619760	0.004807	0.7
827	-0.594693	298.789619	1.615205	0.005869	0.7
828	-0.612435	298.641150	1.615956	0.002049	0.7
829	-0.603408	298.471640	1.616813	0.006176	0.7
830	-0.598847	299.251313	1.612877	0.006563	0.6
831	-0.612044	299.156714	1.613353	0.005889	0.6
832	-0.583738	298.986355	1.614212	0.006291	0.6
833	-0.556745	298.824759	1.615028	0.006037	0.6
834	-0.656882	298.666368	1.615828	0.006352	0.6
835	-0.651540	299.666101	1.610790	0.004320	0.6
836	-0.586101	299.495707	1.611647	0.010482	0.6
837	-0.618062	299.438507	1.611935	0.007700	0.6
838	-0.633992	299.268342	1.612791	0.006201	0.6
839	-0.603315	299.097955	1.613649	0.006512	0.6
840	-0.625565	299.630499	1.610969	0.005410	0.6
841	-0.570543	299.460778	1.611822	0.007677	0.6
842	-0.601750	300.354235	1.607341	0.006121	0.6
843	-0.621959	300.183898	1.608194	0.009405	0.6
844	-0.627277	300.013500	1.609047	0.007850	0.6
845	-0.593097	301.013500	1.604050	0.005455	0.6
846	-0.605481	302.013490	1.599085	0.007463	0.7
847	-0.559774	301.843563	1.599926	0.008325	0.7
848	-0.598502	301.673166	1.600771	0.008332	0.6
849	-0.592080	301.502768	1.601617	0.003797	0.6
850	-0.622189	301.408167	1.602087	0.008569	0.6
851	-0.603368	302.328133	1.597528	0.005732	0.7
852	-0.573032	303.328133	1.592603	0.004267	0.6
853	-0.614412	304.327811	1.587709	0.005013	0.6
854	-0.593344	304.971068	1.584576	0.007355	0.7
855	-0.622076	304.800928	1.585403	0.007571	0.6
856	-0.600575	304.637263	1.586200	0.003618	0.7
857	-0.577846	305.456315	1.582221	0.007386	0.6
858	-0.602342	305.285932	1.583047	0.002771	0.6
859	-0.604989	305.199082	1.583468	0.006413	0.6
860	-0.605100	306.138964	1.578919	0.001930	0.6
861	-0.580505	307.106151	1.574265	0.005157	0.6
862	-0.601823	307.855844	1.570676	0.005479	0.6
863	-0.618137	307.685447	1.571490	0.003518	0.6
864	-0.619787	307.939201	1.570278	0.008247	0.6
865	-0.583529	308.939183	1.565518	0.008807	0.6
866	-0.593650	309.652249	1.562142	0.005036	0.7
867	-0.613061	310.641390	1.557483	0.008906	0.6
868	-0.621712	311.641365	1.552801	0.004016	0.7
869	-0.603030	312.641365	1.548147	0.006297	0.6
870	-0.598292	312.470984	1.548938	0.006480	0.7
871	-0.598267	312.300616	1.549730	0.006560	0.7
872	-0.611073	312.131090	1.550518	0.012194	0.7
873	-0.650129	311.997185	1.551142	0.006179	0.7
874	-0.620853	311.826787	1.551936	0.002556	0.6
875	-0.605327	312.289294	1.549782	0.004793	0.6
876	-0.614585	312.943664	1.546746	0.002654	0.6
877	-0.635548	313.849972	1.542559	0.004550	0.6
878	-0.623617	313.788213	1.542844	0.003694	0.6
879	-0.624953	314.776810	1.538301	0.008796	0.6
880	-0.594939	315.775380	1.533740	0.005757	0.6
881	-0.639115	316.645351	1.529788	0.007142	0.6
882	-0.626937	316.648679	1.529773	0.006971	0.6
883	-0.586302	316.482506	1.530526	0.003564	0.6
884	-0.619374	316.319987	1.531264	0.000864	0.5
885	-0.610273	316.526143	1.530329	0.007057	0.6
886	-0.596933	316.689938	1.529586	0.004861	0.6
887	-0.597973	316.519541	1.530358	0.006610	0.6
888	-0.633326	316.349145	1.531131	0.005146	0.6
889	-0.605548	317.347322	1.526614	0.004307	0.6
890	-0.605134	317.501556	1.525919	0.012207	0.5
891	-0.579344	317.331158	1.526687	0.006061	0.6
892	-0.614190	318.264920	1.522485	0.009291	0.6
893	-0.588183	318.094523	1.523250	0.004739	0.6
894	-0.606485	317.924695	1.524014	0.002840	0.7
895	-0.602009	318.910693	1.519593	0.004827	0.6
896	-0.631867	318.745947	1.520330	0.001684	0.6
897	-0.614719	319.010142	1.519148	0.003159	0.6
898	-0.599433	318.851829	1.519856	0.003670	0.6
899	-0.584389	319.581358	1.516601	0.004739	0.6
900	-0.584751	320.557954	1.512264	0.009638	0.6
901	-0.622213	320.423859	1.512858	0.008423	0.6
902	-0.581046	320.253832	1.513612	0.003976	0.6
903	-0.610552	320.083492	1.514368	0.005112	0.6
904	-0.605564	321.068226	1.510008	0.009934	0.6
905	-0.593659	322.066890	1.505613	0.005456	0.6
906	-0.603072	321.896493	1.506361	0.008800	0.6
907	-0.633281	321.726096	1.507110	0.006044	0.6
908	-0.653358	321.555699	1.507860	0.005881	0.5
909	-0.582425	321.385311	1.508610	0.003585	0.6
910	-0.617527	322.316143	1.504520	0.005329	0.7
911	-0.612706	323.308465	1.500184	0.006584	0.6
912	-0.616569	324.308441	1.495839	0.005519	0.7
913	-0.587543	324.151642	1.496519	0.009303	0.6
914	-0.627979	323.981244	1.497258	0.005275	0.6
915	-0.606201	324.975300	1.492956	0.008698	0.6
916	-0.588040	325.975300	1.488653	0.007018	0.6
917	-0.604145	326.975300	1.484375	0.009642	0.6
918	-0.612753	327.975300	1.480122	0.006507	0.5
919	-0.593703	328.313048	1.478691	0.007361	0.6
920	-0.553640	328.142651	1.479412	0.001905	0.6
921	-0.631598	327.972432	1.480134	0.001227	0.6
922	-0.573452	327.872132	1.480559	0.007135	0.6
923	-0.605746	327.708836	1.481253	0.003439	0.6
924	-0.600514	328.708831	1.477017	0.007945	0.6
925	-0.602632	329.697324	1.472854	0.003192	0.7
926	-0.616719	329.528228	1.473564	0.003669	0.6
927	-0.615695	329.520369	1.473597	0.002006	0.5
928	-0.598170	330.360595	1.470073	0.004016	0.6
929	-0.607956	330.349021	1.470122	0.004065	0.6
930	-0.602862	330.206627	1.470718	0.001919	0.6
931	-0.576981	330.242128	1.470569	0.005181	0.6
932	-0.572252	330.851248	1.468023	0.003452	0.7
933	-0.634937	331.108640	1.466950	0.002928	0.7
934	-0.599439	331.342489	1.465977	0.006268	0.7
935	-0.557963	331.662157	1.464648	0.004655	0.6
936	-0.590173	332.658323	1.460522	0.011126	0.6
937	-0.631847	333.658082	1.456405	0.005737	0.6
938	-0.594997	333.487684	1.457105	0.006037	0.6
939	-0.585932	333.317289	1.457806	0.008423	0.6
940	-0.603356	333.146892	1.458507	0.002481	0.6
941	-0.609130	334.110315	1.454551	0.011467	0.6
942	-0.589170	333.941111	1.455244	0.008407	0.6
943	-0.593040	334.932580	1.451190	0.005218	0.6
944	-0.605627	335.932579	1.447125	0.012048	0.6
945	-0.622952	336.932579	1.443082	0.008826	0.6
946	-0.637235	336.762182	1.443769	0.008093	0.6
947	-0.593594	337.762182	1.439745	0.001471	0.6
948	-0.632468	338.724010	1.435895	0.007577	0.6
949	-0.579976	338.846750	1.435405	0.007797	0.6
950	-0.593038	338.677372	1.436081	0.005512	0.6
951	-0.607564	339.631579	1.432281	0.005882	0.6
952	-0.606915	339.461183	1.432958	0.003577	0.6
953	-0.590895	340.460531	1.428997	0.006786	0.7
954	-0.603974	340.437264	1.429089	0.004037	0.7
955	-0.591315	340.371850	1.429347	0.009800	0.6
956	-0.594188	340.201453	1.430022	0.002640	0.6
957	-0.582740	340.697668	1.428060	0.006576	0.6
958	-0.590144	340.527331	1.428733	0.005538	0.6
959	-0.619679	340.454538	1.429020	0.006683	0.6
960	-0.594106	341.373665	1.425396	0.009640	0.7
961	-0.622358	342.365444	1.421505	0.006815	0.6
962	-0.612234	343.365444	1.417604	0.005331	0.6
963	-0.616818	343.195409	1.418266	0.008534	0.6
964	-0.617043	343.025011	1.418930	0.004759	0.6
965	-0.596823	342.954646	1.419204	0.005132	0.6
966	-0.621761	343.615975	1.416630	0.007199	0.6
967	-0.590377	343.445578	1.417292	0.004751	0.6
968	-0.629692	344.445570	1.413414	0.004655	0.6
969	-0.594917	344.276538	1.414068	0.003517	0.6
970	-0.618287	344.106640	1.414726	0.005418	0.6
971	-0.625232	344.099743	1.414753	0.005875	0.6
972	-0.620599	345.048125	1.411087	0.008937	0.6
973	-0.620075	344.877802	1.411744	0.004154	0.6
974	-0.608919	344.707404	1.412402	0.003779	0.6
975	-0.568132	345.657915	1.408741	0.005782	0.7
976	-0.636034	346.653547	1.404926	0.006412	0.6
977	-0.630560	346.483155	1.405577	0.005335	0.6
978	-0.615423	347.448122	1.401896	0.004962	0.6
979	-0.620614	348.061775	1.399565	0.002808	0.6
980	-0.598600	349.002186	1.396008	0.004126	0.6
981	-0.641839	348.901869	1.396386	0.007988	0.6
982	-0.631120	349.901550	1.392623	0.007262	0.6
983	-0.607164	350.064189	1.392012	0.004425	0.6
984	-0.608235	349.893952	1.392651	0.005211	0.6
985	-0.608119	349.787087	1.393053	0.009155	0.6
986	-0.616614	349.877556	1.392713	0.007650	0.6
987	-0.618047	350.877556	1.388968	0.005860	0.6
988	-0.605376	351.877556	1.385243	0.007808	0.6
989	-0.623641	351.707159	1.385876	0.004944	0.6
990	-0.649981	351.536766	1.386510	0.004590	0.6
991	-0.589492	352.536708	1.382798	0.006232	0.6
992	-0.606291	353.536485	1.379107	0.007107	0.6
993	-0.589764	354.529167	1.375461	0.006751	0.7
994	-0.603036	354.752117	1.374645	0.006358	0.6
995	-0.599210	354.581980	1.375268	0.004256	0.6
996	-0.600161	354.411855	1.375891	0.006645	0.6
997	-0.633676	354.241757	1.376515	0.002776	0.7
998	-0.599174	355.218400	1.372942	0.008908	0.7
999	-0.595020	356.218375	1.369302	0.006459	0.6
