1:ItNr	2:Metric	3a:Time	3b:StepSize	4:||Gradient||	Time[ms]
0	-0.629351	0.000000	22.165194	0.017430	26.1
1	-0.616272	0.000000	22.165194	0.011481	0.6
2	-0.646053	0.000000	22.165194	0.010595	0.6
3	-0.631594	0.000000	22.165194	0.007402	0.6
4	-0.618583	0.000000	22.165194	0.010329	0.6
5	-0.598961	0.000000	22.165194	0.007015	0.6
6	-0.653136	0.000000	22.165194	0.004366	0.6
7	-0.629796	0.000000	22.165194	0.005179	0.5
8	-0.647145	0.000000	22.165194	0.010167	0.5
9	-0.636757	0.000000	22.165194	0.004230	0.5
10	-0.623695	1.000000	21.157685	0.006160	0.6
11	-0.642789	0.944301	21.211387	0.001394	0.5
12	-0.629123	1.101098	21.060902	0.005987	0.5
13	-0.671299	1.047179	21.112409	0.002097	0.5
14	-0.652537	1.800499	20.414864	0.004831	0.5
15	-0.625415	2.792769	19.563468	0.005940	0.6
16	-0.588234	3.792753	18.774400	0.006152	0.5
17	-0.649227	4.779680	18.055657	0.006247	0.6
18	-0.626188	4.723982	18.094752	0.005775	0.6
19	-0.627711	5.723962	17.417667	0.002216	0.6
20	-0.643135	6.723954	16.789419	0.006535	0.6
21	-0.656108	6.668339	16.823166	0.003639	0.6
22	-0.617185	6.612641	16.857100	0.001770	0.6
23	-0.641185	6.652996	16.832501	0.005016	0.6
24	-0.644167	6.597588	16.866295	0.004554	0.6
25	-0.635979	7.596251	16.277276	0.002037	0.5
26	-0.610470	8.591237	15.729963	0.003618	0.6
27	-0.633662	8.539728	15.757392	0.005112	0.5
28	-0.624536	8.484030	15.787159	0.003734	0.5
29	-0.643516	8.428331	15.817040	0.003446	0.5
30	-0.657658	8.372632	15.847033	0.005156	0.5
31	-0.636039	9.372632	15.325279	0.002685	0.5
32	-0.613606	10.318499	14.862432	0.005966	0.5
33	-0.642068	10.262941	14.888845	0.002639	0.6
34	-0.660321	10.207243	14.915418	0.004460	0.6
35	-0.620360	11.206646	14.452578	0.003539	0.5
36	-0.609245	11.150947	14.477616	0.002821	0.6
37	-0.639813	12.150695	14.041005	0.005404	0.6
38	-0.650087	12.412043	13.931177	0.006316	0.5
39	-0.623257	12.356344	13.954439	0.003671	0.5
40	-0.647296	12.300645	13.977779	0.002803	0.5
41	-0.629869	12.245000	14.001175	0.004371	0.5
42	-0.603473	12.189396	14.024632	0.003095	0.6
43	-0.628523	13.189390	13.614430	0.006898	0.6
44	-0.646185	14.189374	13.227546	0.004753	0.7
45	-0.638851	14.133675	13.248516	0.004920	0.6
46	-0.638472	15.133585	12.881896	0.006821	0.6
47	-0.661669	16.133585	12.534989	0.004173	0.5
48	-0.602858	17.133585	12.206276	0.004937	0.5
49	-0.630865	17.080284	12.223361	0.004809	0.6
50	-0.642774	17.024585	12.241266	0.005796	0.6
51	-0.612579	16.979647	12.255750	0.003356	0.5
52	-0.645715	16.923957	12.273747	0.002752	0.6
53	-0.648726	16.868266	12.291798	0.005469	0.5
54	-0.636086	17.868197	11.975577	0.004430	0.5
55	-0.639851	17.812499	11.992762	0.005887	0.5
56	-0.620258	18.812428	11.691552	0.004316	0.5
57	-0.650116	18.756729	11.707932	0.004097	0.5
58	-0.655530	19.756712	11.420673	0.005015	0.6
59	-0.659962	19.701014	11.436302	0.007385	0.5
60	-0.606179	19.645614	11.451889	0.004355	0.5
61	-0.645594	19.589915	11.467604	0.005482	0.5
62	-0.620149	20.589915	11.191874	0.004488	0.5
63	-0.660141	21.589915	10.929091	0.005166	0.5
64	-0.665857	21.534216	10.943403	0.004475	0.6
65	-0.640482	21.546176	10.940327	0.002625	0.6
66	-0.637387	22.546085	10.689114	0.003412	0.6
67	-0.621953	22.506760	10.698776	0.003228	0.6
68	-0.645302	22.488050	10.703379	0.002465	0.6
69	-0.672779	22.442778	10.714533	0.002179	0.6
70	-0.631475	22.396103	10.726057	0.003352	0.6
71	-0.638043	23.263856	10.515782	0.003160	0.5
72	-0.642518	24.263717	10.283492	0.005040	0.5
73	-0.663853	24.902183	10.140456	0.007874	0.5
74	-0.651671	24.846513	10.152769	0.005854	0.5
75	-0.631877	24.797127	10.163718	0.003721	0.5
76	-0.629830	24.741428	10.176094	0.003501	0.6
77	-0.647442	24.989128	10.121285	0.004335	0.5
78	-0.650606	25.974335	9.909008	0.008081	0.5
79	-0.619356	26.974335	9.702460	0.003482	0.6
80	-0.672716	27.974335	9.504347	0.007731	0.5
81	-0.645208	28.974334	9.314163	0.003694	0.5
82	-0.647061	29.974334	9.131440	0.008552	0.5
83	-0.633554	29.918636	9.141429	0.005197	0.6
84	-0.615503	29.867465	9.150624	0.004038	0.5
85	-0.619880	30.867454	8.974203	0.002744	0.6
86	-0.609721	30.815132	8.983265	0.004215	0.6
87	-0.612580	31.708544	8.830999	0.004121	0.6
88	-0.598764	32.348163	8.725119	0.005224	0.6
89	-0.635807	32.292490	8.734234	0.004442	0.6
90	-0.637398	32.236793	8.743372	0.004658	0.6
91	-0.643406	32.181095	8.752529	0.011061	0.6
92	-0.619946	32.135085	8.760108	0.002708	0.5
93	-0.632935	32.079387	8.769300	0.001753	0.5
94	-0.615362	32.024419	8.778391	0.002317	0.5
95	-0.621208	31.976794	8.786282	0.004840	0.6
96	-0.649033	32.023882	8.778480	0.003422	0.5
97	-0.665381	31.968184	8.787711	0.002062	0.5
98	-0.598837	32.965906	8.625243	0.003465	0.6
99	-0.661805	32.911510	8.633946	0.002231	0.6
100	-0.653338	33.169145	8.592882	0.005152	0.5
101	-0.658522	34.168751	8.437187	0.002180	0.5
102	-0.649844	34.113073	8.445711	0.004949	0.5
103	-0.605431	34.058979	8.454008	0.007357	0.5
104	-0.608891	35.058979	8.303203	0.005078	0.5
105	-0.657656	36.058979	8.157683	0.004999	0.5
106	-0.635229	36.011777	8.164437	0.004037	0.6
107	-0.665551	36.601565	8.080841	0.003405	0.6
108	-0.613030	36.545886	8.088659	0.001689	0.6
109	-0.640987	37.474449	7.960213	0.006884	0.6
110	-0.632080	38.189022	7.864112	0.003489	0.6
111	-0.662735	39.189022	7.733455	0.005213	0.6
112	-0.641792	40.185106	7.607555	0.006501	0.6
113	-0.607815	40.136088	7.613655	0.004185	0.5
114	-0.629870	40.080390	7.620598	0.003102	0.6
115	-0.621093	41.064179	7.499802	0.002258	0.6
116	-0.658294	41.008589	7.506526	0.006029	0.6
117	-0.633664	40.952961	7.513266	0.004734	0.5
118	-0.639719	41.952961	7.393919	0.004420	0.5
119	-0.652707	42.952578	7.278347	0.001010	0.5
120	-0.622274	43.138272	7.257275	0.004566	0.5
121	-0.628575	43.103226	7.261243	0.004247	0.5
122	-0.625371	44.103215	7.149709	0.001936	0.5
123	-0.643101	45.103015	7.041571	0.006326	0.6
124	-0.642733	46.098773	6.937073	0.003752	0.5
125	-0.640806	47.098773	6.835205	0.002337	0.5
126	-0.641811	47.043077	6.840800	0.003611	0.6
127	-0.661545	47.315002	6.813570	0.004454	0.5
128	-0.658893	48.053574	6.740695	0.002724	0.5
129	-0.656348	48.039985	6.742022	0.002615	0.5
130	-0.636265	48.028029	6.743189	0.003170	0.5
131	-0.624743	47.976031	6.748273	0.008003	1.0
132	-0.633162	48.976031	6.651836	0.005022	0.6
133	-0.628559	49.973872	6.558316	0.002464	0.6
134	-0.627147	49.936168	6.561802	0.004550	0.6
135	-0.611267	49.880472	6.566958	0.002072	0.5
136	-0.630172	49.826436	6.571968	0.004022	0.6
137	-0.628055	50.767349	6.485806	0.002377	0.6
138	-0.615471	50.711670	6.490841	0.005338	0.6
139	-0.631875	50.655989	6.495885	0.003892	0.5
140	-0.668660	51.655989	6.406479	0.003563	0.6
141	-0.662028	52.655830	6.319514	0.003430	0.5
142	-0.640121	53.655786	6.234869	0.003875	0.5
143	-0.643355	54.552346	6.160882	0.005369	0.5
144	-0.644157	55.552207	6.080413	0.004513	0.5
145	-0.638600	55.502513	6.084363	0.003577	0.5
146	-0.648565	56.502499	6.005859	0.006092	0.5
147	-0.652909	57.502387	5.929362	0.004626	0.5
148	-0.645277	57.446688	5.933572	0.001108	0.5
149	-0.614992	57.391284	5.937766	0.002930	0.6
150	-0.651201	58.059717	5.887563	0.005824	0.5
151	-0.608180	59.028166	5.816316	0.006093	0.6
152	-0.623084	60.028166	5.744534	0.002409	0.6
153	-0.623772	61.028162	5.674503	0.002131	0.6
154	-0.657596	60.973420	5.678293	0.004316	0.6
155	-0.638177	61.598103	5.635348	0.003420	0.8
156	-0.619952	62.560709	5.570430	0.004030	0.6
157	-0.597074	63.074217	5.536407	0.005581	0.6
158	-0.639333	63.018519	5.540077	0.006430	0.5
159	-0.629763	62.962820	5.543752	0.005349	0.5
160	-0.615669	63.962819	5.478503	0.004202	0.6
161	-0.647995	64.962687	5.414780	0.003893	0.6
162	-0.640164	64.906988	5.418291	0.003047	0.6
163	-0.628600	64.851326	5.421804	0.003667	0.6
164	-0.661776	64.795642	5.425323	0.007781	0.5
165	-0.623507	65.795641	5.362816	0.003903	0.6
166	-0.678352	65.739943	5.366260	0.003661	0.6
167	-0.639681	65.684244	5.369708	0.005060	0.6
168	-0.665638	66.684244	5.308469	0.000335	0.6
169	-0.657250	66.641908	5.311033	0.002774	0.6
170	-0.647511	66.634199	5.311500	0.002974	0.5
171	-0.644175	66.578509	5.314878	0.004199	0.6
172	-0.638302	67.574297	5.255126	0.006173	0.5
173	-0.627465	67.522386	5.258207	0.005761	0.6
174	-0.606313	68.522386	5.199471	0.004500	0.6
175	-0.651950	69.378211	5.150236	0.004053	0.6
176	-0.631315	70.376669	5.093960	0.005216	0.5
177	-0.622031	71.376667	5.038816	0.005719	0.5
178	-0.669413	71.320968	5.041856	0.006110	0.6
179	-0.667504	72.303307	4.988774	0.006728	0.6
180	-0.650110	73.303307	4.935872	0.002646	0.5
181	-0.628348	73.248591	4.938738	0.002705	0.6
182	-0.661916	73.192940	4.941656	0.000834	0.7
183	-0.652997	73.657753	4.917390	0.005252	0.6
184	-0.648431	74.417563	4.878233	0.005304	0.6
185	-0.642674	74.361868	4.881082	0.003695	0.6
186	-0.613380	75.361771	4.830433	0.002515	0.6
187	-0.662447	76.358886	4.780961	0.005195	0.5
188	-0.606920	76.303970	4.783660	0.002595	0.6
189	-0.637930	76.248272	4.786399	0.005514	0.6
190	-0.629619	77.248271	4.737682	0.002270	0.5
191	-0.633626	78.244504	4.690124	0.007645	0.5
192	-0.650688	78.641918	4.671418	0.004464	0.5
193	-0.631433	78.586219	4.674031	0.004752	0.5
194	-0.619864	78.530521	4.676647	0.002884	0.6
195	-0.642048	78.474822	4.679265	0.002501	0.6
196	-0.617132	78.419195	4.681883	0.003924	0.6
197	-0.638225	79.308648	4.640368	0.002315	0.6
198	-0.627828	80.308323	4.594579	0.003303	0.6
199	-0.666565	80.252627	4.597106	0.002452	0.6
200	-0.649250	80.540390	4.584078	0.003819	0.6
201	-0.660042	80.486586	4.586508	0.009564	0.6
202	-0.630552	80.819401	4.571516	0.003270	0.6
203	-0.615225	81.819395	4.527055	0.004186	0.7
204	-0.653803	81.765961	4.529409	0.002652	0.6
205	-0.646255	82.764869	4.485806	0.005211	0.6
206	-0.631280	83.764866	4.442988	0.004781	0.6
207	-0.637334	84.764860	4.400980	0.002713	0.7
208	-0.607417	85.764858	4.359759	0.003230	0.6
209	-0.646615	85.709969	4.362002	0.002806	0.6
210	-0.609306	85.674910	4.363435	0.004097	0.5
211	-0.631842	85.708986	4.362042	0.005579	0.6
212	-0.623956	85.653288	4.364320	0.002812	0.6
213	-0.628926	86.204409	4.341884	0.004495	0.6
214	-0.607456	86.188497	4.342528	0.003800	0.5
215	-0.646939	86.132798	4.344786	0.005868	0.5
216	-0.644805	86.134036	4.344736	0.005253	0.6
217	-0.650686	86.078339	4.346996	0.005562	0.6
218	-0.630742	87.077409	4.306812	0.002605	0.6
219	-0.627424	88.005125	4.270158	0.006315	0.7
220	-0.647319	88.220240	4.261747	0.002647	0.6
221	-0.639177	88.164541	4.263922	0.002258	0.6
222	-0.663521	88.115472	4.265839	0.005046	0.5
223	-0.645041	89.115115	4.227113	0.004197	0.5
224	-0.655508	89.117283	4.227030	0.003600	0.6
225	-0.637164	89.483209	4.213030	0.003052	0.5
226	-0.619029	90.462852	4.176002	0.006650	0.5
227	-0.621066	91.462852	4.138870	0.001142	0.6
228	-0.638366	92.264287	4.109584	0.004316	0.6
229	-0.616820	92.212206	4.111474	0.004293	0.5
230	-0.637742	92.156509	4.113498	0.005214	0.5
231	-0.623208	92.100979	4.115518	0.004151	0.6
232	-0.605286	93.100978	4.079449	0.004790	0.7
233	-0.652301	94.100978	4.044006	0.001665	0.6
234	-0.657456	94.264682	4.038263	0.006014	0.6
235	-0.624541	94.208983	4.040215	0.003368	0.5
236	-0.676160	94.153306	4.042169	0.007094	0.6
237	-0.642332	94.110552	4.043670	0.004518	0.6
238	-0.598151	95.093630	4.009428	0.005819	0.5
239	-0.619841	95.037931	4.011353	0.003564	0.5
240	-0.615282	96.033375	3.977234	0.002314	0.7
241	-0.647022	96.939199	3.946687	0.003271	0.6
242	-0.612952	96.962667	3.945902	0.005255	0.6
243	-0.648576	97.676559	3.922165	0.005582	0.6
244	-0.629373	98.126408	3.907354	0.005270	0.6
245	-0.632206	99.126408	3.874827	0.004792	0.6
246	-0.600666	99.070709	3.876625	0.004105	0.5
247	-0.606054	99.015010	3.878424	0.004592	0.6
248	-0.689490	98.959312	3.880225	0.003641	0.6
249	-0.613264	99.715024	3.855933	0.003607	0.6
250	-0.618176	100.715020	3.824253	0.005595	0.5
251	-0.606600	100.659322	3.826004	0.002716	0.5
252	-0.614572	100.606846	3.827655	0.004536	0.6
253	-0.622100	101.606789	3.796438	0.002843	0.7
254	-0.622919	102.578835	3.766576	0.002593	0.6
255	-0.635640	102.523146	3.768274	0.003012	0.8
256	-0.674670	103.438318	3.740561	0.006362	0.6
257	-0.625989	104.432710	3.710907	0.004260	0.5
258	-0.644849	105.425768	3.681758	0.003646	0.5
259	-0.626051	105.370069	3.683381	0.004645	0.5
260	-0.626319	105.314371	3.685005	0.004807	0.6
261	-0.628189	105.328651	3.684588	0.004591	0.6
262	-0.610879	105.272953	3.686214	0.003794	0.6
263	-0.651606	105.531794	3.678673	0.006156	0.6
264	-0.626697	105.476106	3.680293	0.003297	0.6
265	-0.618461	105.420456	3.681913	0.007390	0.5
266	-0.618679	106.214401	3.658934	0.004853	0.5
267	-0.647540	107.214401	3.630396	0.005336	0.5
268	-0.620106	108.214393	3.602300	0.002387	0.5
269	-0.654987	108.160943	3.603791	0.004098	0.5
270	-0.624384	108.105248	3.605346	0.002689	0.5
271	-0.613178	109.104801	3.577647	0.005354	0.5
272	-0.657654	110.104800	3.550359	0.001722	0.5
273	-0.623643	111.104673	3.523487	0.003952	0.5
274	-0.648108	111.050138	3.524942	0.003966	0.5
275	-0.649992	110.994447	3.526429	0.004644	0.5
276	-0.622862	110.938763	3.527918	0.003025	0.5
277	-0.630453	111.937071	3.501424	0.005451	0.6
278	-0.641664	112.533411	3.485787	0.005994	0.6
279	-0.627650	112.477719	3.487242	0.005710	0.6
280	-0.639370	112.422020	3.488698	0.002647	0.5
281	-0.637290	113.421888	3.462748	0.004285	0.5
282	-0.656389	114.421620	3.437184	0.003400	0.5
283	-0.653173	114.365921	3.438599	0.004045	0.7
284	-0.640158	114.310534	3.440006	0.005854	0.6
285	-0.656147	115.310534	3.414770	0.002523	0.6
286	-0.631257	116.290524	3.390395	0.002752	0.6
287	-0.633390	116.271706	3.390860	0.003907	0.6
288	-0.651789	117.271422	3.366343	0.002914	0.5
289	-0.645061	117.220949	3.367573	0.000936	0.6
290	-0.633848	117.335801	3.364777	0.001803	0.6
291	-0.634224	117.302913	3.365577	0.002038	0.5
292	-0.633566	117.261222	3.366592	0.003422	0.5
293	-0.644369	118.257765	3.342500	0.003288	0.5
294	-0.674438	118.840094	3.328581	0.004660	0.5
295	-0.654653	118.784397	3.329907	0.005998	0.6
296	-0.625008	119.784397	3.306255	0.004548	0.6
297	-0.632974	119.728767	3.307562	0.004939	0.6
298	-0.639777	120.728767	3.284224	0.005808	0.5
299	-0.638276	120.673069	3.285516	0.001627	0.5
300	-0.614698	120.617395	3.286807	0.004159	0.5
301	-0.678270	120.561705	3.288100	0.001757	0.8
302	-0.635738	121.491803	3.266638	0.004487	0.8
303	-0.620337	122.207903	3.250303	0.008338	0.6
304	-0.631343	123.207862	3.227765	0.002622	0.5
305	-0.618124	123.152165	3.229012	0.005414	0.7
306	-0.653557	124.141425	3.207004	0.002999	0.6
307	-0.658537	125.141362	3.185060	0.006586	0.6
308	-0.664202	126.137865	3.163489	0.003752	0.5
309	-0.630702	127.137865	3.142134	0.005218	0.6
310	-0.645253	127.082167	3.143316	0.005366	0.6
311	-0.649861	128.082162	3.122232	0.002316	0.8
312	-0.642034	128.026463	3.123399	0.002821	0.6
313	-0.657724	128.142666	3.120965	0.003175	0.6
314	-0.636197	128.087495	3.122120	0.005724	0.6
315	-0.625467	128.031796	3.123287	0.003818	0.6
316	-0.639144	128.455230	3.114438	0.004489	0.6
317	-0.639359	128.399532	3.115599	0.004171	0.6
318	-0.660914	128.343833	3.116761	0.002818	0.7
319	-0.677041	128.474864	3.114029	0.005279	0.6
320	-0.639099	128.419172	3.115190	0.003879	0.5
321	-0.638118	128.363473	3.116351	0.004595	0.8
322	-0.608656	128.307775	3.117514	0.003246	0.7
323	-0.636864	129.305304	3.096824	0.007491	0.6
324	-0.653051	130.266083	3.077154	0.005496	0.6
325	-0.645564	130.210435	3.078287	0.001553	0.6
326	-0.652496	130.154750	3.079421	0.002260	0.5
327	-0.644809	130.904586	3.064220	0.003670	0.6
328	-0.610839	131.201202	3.058248	0.004926	0.6
329	-0.636752	131.197268	3.058327	0.003013	0.7
330	-0.657812	131.141573	3.059447	0.004068	0.6
331	-0.653541	132.141573	3.039469	0.004487	0.6
332	-0.626471	132.085875	3.040575	0.004297	0.6
333	-0.640635	133.085873	3.020842	0.005825	0.5
334	-0.660114	133.030175	3.021934	0.003672	0.5
335	-0.627560	132.974476	3.023027	0.003200	0.5
336	-0.656581	132.918792	3.024121	0.005870	0.5
337	-0.643569	133.918792	3.004600	0.003706	0.5
338	-0.678332	133.863093	3.005681	0.003436	0.5
339	-0.628552	133.808363	3.006744	0.005046	0.5
340	-0.649216	133.752665	3.007826	0.003318	0.5
341	-0.682452	134.752665	2.988514	0.001950	0.5
342	-0.634053	134.733635	2.988880	0.005119	0.5
343	-0.673495	135.732923	2.969823	0.004009	0.5
344	-0.612786	135.677228	2.970879	0.004806	0.6
345	-0.631356	135.621802	2.971930	0.005829	0.6
346	-0.640215	136.621802	2.953075	0.004107	0.7
347	-0.634511	136.566104	2.954119	0.003533	0.6
348	-0.666824	136.930484	2.947304	0.003292	0.5
349	-0.633141	136.874787	2.948343	0.004479	0.6
350	-0.650099	137.874677	2.929788	0.006280	0.6
351	-0.633719	138.831529	2.912248	0.003233	0.6
352	-0.662156	139.829836	2.894171	0.002664	0.5
353	-0.632046	139.774139	2.895174	0.004811	0.5
354	-0.649284	139.765005	2.895338	0.005564	0.6
355	-0.614957	139.723772	2.896081	0.006562	0.5
356	-0.658583	140.723772	2.878173	0.002920	0.5
357	-0.620533	141.723772	2.860486	0.004447	0.7
358	-0.648738	141.668073	2.861465	0.002013	0.5
359	-0.652866	141.796606	2.859206	0.003476	0.5
360	-0.629433	141.742959	2.860149	0.003454	0.5
361	-0.605936	141.689452	2.861089	0.002857	0.5
362	-0.682640	141.852580	2.858224	0.003571	0.5
363	-0.634923	142.848087	2.840858	0.003234	0.5
364	-0.584384	142.792389	2.841824	0.001351	0.5
365	-0.606631	142.736862	2.842787	0.003641	0.5
366	-0.663401	142.716479	2.843141	0.003963	0.6
367	-0.672731	142.660783	2.844109	0.005864	0.6
368	-0.666455	142.605085	2.845077	0.003826	0.6
369	-0.659233	142.551455	2.846010	0.004165	0.8
370	-0.647798	142.495756	2.846980	0.006682	0.7
371	-0.615210	142.440060	2.847950	0.003979	0.6
372	-0.636677	142.384362	2.848921	0.002816	0.6
373	-0.644399	142.328694	2.849892	0.005939	0.6
374	-0.624459	142.272995	2.850864	0.002289	0.6
375	-0.640699	142.607394	2.845037	0.003845	0.6
376	-0.645933	143.604850	2.827797	0.006428	0.6
377	-0.609752	144.604847	2.810721	0.002656	0.5
378	-0.644089	144.549148	2.811667	0.008694	0.6
379	-0.630572	144.493450	2.812613	0.003873	0.5
380	-0.637764	144.437823	2.813559	0.005638	0.5
381	-0.652065	145.437823	2.796654	0.002697	0.5
382	-0.608257	146.429012	2.780098	0.006733	0.5
383	-0.609746	146.373422	2.781021	0.004690	0.5
384	-0.655215	146.328553	2.781767	0.003820	0.6
385	-0.637424	146.272858	2.782693	0.004936	0.5
386	-0.636052	147.272854	2.766157	0.003176	0.5
387	-0.630596	147.887283	2.756093	0.003697	0.5
388	-0.636081	148.887281	2.739870	0.003221	0.6
389	-0.619859	149.861828	2.724243	0.005541	0.6
390	-0.651864	150.849773	2.708581	0.004644	0.6
391	-0.636929	150.794074	2.709459	0.001739	0.6
392	-0.592947	150.739938	2.710313	0.004623	0.6
393	-0.662452	150.684531	2.711188	0.005520	0.6
394	-0.638664	150.628833	2.712068	0.006352	0.6
395	-0.633013	151.628769	2.696359	0.004467	0.5
396	-0.633478	152.418048	2.684087	0.003878	0.5
397	-0.623714	153.397158	2.669018	0.005060	0.5
398	-0.658677	153.349222	2.669751	0.001643	0.6
399	-0.636168	153.340849	2.669880	0.006524	0.5
400	-0.637654	153.285152	2.670733	0.005757	0.5
401	-0.612440	153.229454	2.671587	0.002898	0.5
402	-0.635367	154.229445	2.656341	0.005367	0.5
403	-0.635304	154.173747	2.657185	0.002754	0.5
404	-0.640845	154.118064	2.658030	0.005675	0.5
405	-0.650172	154.062367	2.658876	0.004065	0.6
406	-0.635405	154.043338	2.659165	0.004638	0.5
407	-0.620303	153.987859	2.660008	0.004230	0.5
408	-0.609345	153.932200	2.660854	0.007133	0.5
409	-0.628480	154.931888	2.645735	0.002609	0.5
410	-0.643940	154.876189	2.646572	0.004892	0.5
411	-0.631116	155.876187	2.631610	0.005702	0.6
412	-0.657801	156.876187	2.616815	0.006442	0.6
413	-0.662609	157.876187	2.602186	0.005451	0.6
414	-0.657986	157.820488	2.602996	0.003559	0.7
415	-0.645849	157.764789	2.603807	0.005528	0.5
416	-0.623218	157.709091	2.604619	0.004572	0.6
417	-0.632770	157.653392	2.605431	0.001457	0.5
418	-0.623197	157.615062	2.605990	0.006674	0.5
419	-0.620990	158.612545	2.591518	0.004038	0.6
420	-0.623082	158.556846	2.592321	0.004401	0.5
421	-0.639636	158.501637	2.593119	0.003618	0.5
422	-0.629667	159.493866	2.578864	0.002950	0.6
423	-0.634462	159.438168	2.579660	0.001957	0.5
424	-0.613166	159.402793	2.580166	0.003704	0.5
425	-0.667804	159.369766	2.580638	0.004638	0.6
426	-0.641439	159.314069	2.581435	0.002246	0.5
427	-0.628543	159.267650	2.582100	0.005683	0.6
428	-0.622659	160.027380	2.571263	0.002255	0.5
429	-0.625686	161.027378	2.557138	0.005014	0.6
430	-0.632095	160.971681	2.557920	0.004538	0.5
431	-0.615264	161.929798	2.544523	0.004707	0.5
432	-0.647262	162.929790	2.530689	0.003958	0.5
433	-0.679606	162.874091	2.531455	0.006487	0.7
434	-0.666288	162.822061	2.532172	0.002509	0.6
435	-0.636097	162.766362	2.532939	0.004832	0.6
436	-0.638163	163.766334	2.519231	0.004191	0.6
437	-0.630000	163.710636	2.519991	0.003588	0.6
438	-0.614839	164.710635	2.506421	0.002388	0.6
439	-0.635596	164.655538	2.507165	0.004760	0.6
440	-0.663656	164.599839	2.507917	0.002587	0.6
441	-0.654185	164.544140	2.508670	0.002964	0.6
442	-0.635629	164.492616	2.509367	0.003514	0.5
443	-0.635349	165.492591	2.495912	0.005728	0.5
444	-0.635044	165.878859	2.490753	0.003203	0.5
445	-0.629966	165.823161	2.491496	0.007741	0.5
446	-0.628845	165.767463	2.492239	0.002194	0.5
447	-0.622111	166.766717	2.478975	0.002005	0.5
448	-0.626859	166.719835	2.479595	0.005112	0.5
449	-0.640264	166.664138	2.480330	0.002295	0.6
450	-0.635172	167.180890	2.473519	0.002576	0.5
451	-0.648546	167.409239	2.470521	0.001707	0.5
452	-0.636387	168.132732	2.461071	0.005785	0.5
453	-0.648365	169.128198	2.448185	0.005352	0.6
454	-0.629853	169.072499	2.448903	0.005587	0.5
455	-0.649881	170.072499	2.436086	0.004254	0.5
456	-0.623495	171.072158	2.423407	0.005354	0.7
457	-0.650662	172.041742	2.411235	0.002219	0.6
458	-0.650811	171.986044	2.411931	0.004300	0.6
459	-0.641533	171.932377	2.412602	0.004837	0.6
460	-0.614436	172.932377	2.400162	0.002509	0.5
461	-0.605338	173.079336	2.398344	0.002360	0.7
462	-0.633811	174.065444	2.386220	0.003627	0.5
463	-0.612108	174.010581	2.386891	0.003620	0.6
464	-0.633000	173.954882	2.387573	0.004289	0.6
465	-0.691121	174.937624	2.375598	0.004412	0.6
466	-0.656718	174.881927	2.376274	0.002412	0.5
467	-0.599702	174.853724	2.376616	0.001208	0.5
468	-0.631431	175.247421	2.371848	0.006436	0.5
469	-0.622888	176.245627	2.359845	0.002838	0.6
470	-0.653486	176.189933	2.360511	0.005275	0.5
471	-0.648044	177.189929	2.348601	0.003222	0.6
472	-0.655459	177.134585	2.349257	0.006992	0.6
473	-0.653095	177.078887	2.349918	0.004227	0.5
474	-0.638372	178.078887	2.338114	0.003810	0.5
475	-0.644726	178.023196	2.338768	0.002754	0.5
476	-0.645045	179.015136	2.327169	0.004031	0.5
477	-0.648416	180.012717	2.315620	0.006373	0.6
478	-0.648532	181.012615	2.304158	0.005183	0.7
479	-0.649100	180.956917	2.304794	0.003053	0.7
480	-0.611957	181.950332	2.293512	0.006132	0.6
481	-0.617108	181.993859	2.293020	0.003770	0.6
482	-0.643676	182.993120	2.281788	0.002774	0.6
483	-0.656213	182.938836	2.282395	0.003671	0.6
484	-0.635193	183.924382	2.271419	0.006178	0.6
485	-0.619179	184.924224	2.260390	0.003897	0.6
486	-0.617381	185.924224	2.249466	0.003887	0.6
487	-0.648039	185.868600	2.250071	0.004990	0.5
488	-0.611724	186.868600	2.239247	0.003594	0.5
489	-0.611427	187.074864	2.237027	0.005355	0.5
490	-0.614434	188.074864	2.226327	0.004824	0.6
491	-0.635030	188.019165	2.226921	0.002425	0.5
492	-0.625373	189.019102	2.216318	0.005496	0.5
493	-0.626132	188.963403	2.216906	0.005348	0.5
494	-0.657130	188.907704	2.217494	0.004486	0.5
495	-0.654910	188.852006	2.218083	0.007255	0.5
496	-0.682925	189.852006	2.207563	0.005337	0.5
497	-0.650337	190.852006	2.197143	0.005831	0.5
498	-0.605527	191.852006	2.186820	0.003918	0.5
499	-0.617210	192.852006	2.176594	0.004186	0.6
500	-0.643756	193.851991	2.166464	0.003897	0.7
501	-0.654897	193.796925	2.167019	0.006766	0.7
502	-0.630838	194.796602	2.156981	0.003989	0.6
503	-0.610951	195.796602	2.147031	0.001485	0.6
504	-0.641734	196.441024	2.140668	0.005756	0.5
505	-0.640167	197.182882	2.133390	0.003883	0.5
506	-0.628366	198.151132	2.123964	0.003610	0.5
507	-0.621624	198.097555	2.124483	0.001655	0.6
508	-0.647883	198.044744	2.124995	0.002455	0.6
509	-0.649654	198.016762	2.125267	0.002174	0.5
510	-0.651216	197.985798	2.125567	0.003563	0.5
511	-0.644953	197.930510	2.126104	0.006886	0.6
512	-0.646886	197.874811	2.126645	0.006884	0.5
513	-0.634864	197.819113	2.127187	0.003691	0.6
514	-0.611003	198.819113	2.117510	0.003765	0.6
515	-0.644417	198.788820	2.117801	0.002326	0.5
516	-0.639067	198.733749	2.118332	0.003808	0.5
517	-0.622210	198.678084	2.118869	0.004661	0.5
518	-0.634857	198.622386	2.119406	0.006512	0.5
519	-0.665068	198.566689	2.119944	0.004703	0.5
520	-0.638281	198.510991	2.120482	0.003580	0.5
521	-0.659091	199.510900	2.110867	0.004471	0.5
522	-0.653651	200.425183	2.102151	0.002561	0.5
523	-0.638376	200.632772	2.100182	0.004497	0.8
524	-0.651897	200.578192	2.100699	0.007235	0.6
525	-0.643237	201.578192	2.091261	0.005082	0.6
526	-0.619628	201.522494	2.091784	0.003965	0.6
527	-0.624434	201.474772	2.092233	0.004967	0.6
528	-0.645515	201.419153	2.092756	0.004467	0.5
529	-0.656457	201.798946	2.089189	0.001233	0.5
530	-0.651994	201.766896	2.089489	0.004525	0.5
531	-0.622132	202.759830	2.080217	0.005817	0.6
532	-0.620810	203.759830	2.070962	0.003587	0.6
533	-0.677653	204.739255	2.061977	0.003460	0.5
534	-0.622090	204.683558	2.062486	0.003392	0.5
535	-0.652928	205.275665	2.057089	0.008222	0.7
536	-0.645924	206.268956	2.048098	0.002134	0.7
537	-0.658155	206.213258	2.048600	0.003185	0.5
538	-0.662039	207.200352	2.039739	0.003771	0.6
539	-0.655996	207.737606	2.034948	0.002483	0.6
540	-0.601253	207.682006	2.035442	0.006094	0.5
541	-0.629208	207.702254	2.035262	0.002661	0.5
542	-0.644904	208.685675	2.026548	0.005263	0.5
543	-0.628066	208.629977	2.027040	0.003376	0.5
544	-0.634073	209.629961	2.018251	0.001388	0.7
545	-0.673347	210.601430	2.009785	0.004778	0.6
546	-0.630878	210.593067	2.009858	0.004566	0.6
547	-0.619889	210.537368	2.010341	0.004730	0.6
548	-0.627395	211.533759	2.001727	0.004488	0.6
549	-0.648807	211.478061	2.002206	0.006291	0.6
550	-0.653997	211.434696	2.002580	0.005078	0.5
551	-0.601182	211.378998	2.003060	0.002893	0.6
552	-0.611674	211.323470	2.003539	0.003402	0.6
553	-0.641280	212.322230	1.994962	0.003436	0.6
554	-0.641758	212.974078	1.989404	0.004719	0.6
555	-0.609341	213.706472	1.983197	0.003814	0.6
556	-0.634252	213.650774	1.983667	0.005992	0.7
557	-0.636283	214.643660	1.975309	0.003231	0.7
558	-0.636951	215.643660	1.966962	0.004067	0.6
559	-0.628849	215.835573	1.965368	0.004378	0.5
560	-0.633009	216.835557	1.957105	0.005809	0.6
561	-0.622635	217.835557	1.948910	0.002623	0.6
562	-0.618975	218.834897	1.940790	0.002360	0.6
563	-0.625808	218.779319	1.941239	0.005913	0.6
564	-0.646589	218.724952	1.941680	0.003442	0.6
565	-0.639838	218.669254	1.942131	0.002802	0.6
566	-0.651549	218.631110	1.942440	0.002921	0.5
567	-0.620399	219.534450	1.935145	0.004939	0.5
568	-0.664526	220.534161	1.927136	0.004146	0.5
569	-0.639923	220.483846	1.927537	0.002923	0.5
570	-0.635294	220.443489	1.927859	0.002429	0.5
571	-0.658204	220.387824	1.928304	0.001788	0.5
572	-0.641088	220.492457	1.927468	0.006122	0.5
573	-0.659618	221.059842	1.922950	0.002188	0.6
574	-0.593239	221.004149	1.923393	0.002007	0.6
575	-0.642716	221.233296	1.921573	0.003577	0.6
576	-0.647853	221.764464	1.917369	0.005728	0.6
577	-0.633866	222.715923	1.909884	0.002967	0.6
578	-0.667380	222.660225	1.910320	0.003783	0.6
579	-0.674302	223.562410	1.903273	0.006413	0.6
580	-0.660747	224.561686	1.895528	0.001802	0.6
581	-0.661407	225.560995	1.887846	0.002959	0.6
582	-0.675506	225.505326	1.888272	0.003398	0.6
583	-0.619930	226.236995	1.882684	0.001733	0.6
584	-0.646792	226.183201	1.883093	0.004654	0.6
585	-0.613797	226.994824	1.876931	0.006721	0.7
586	-0.641162	227.994824	1.869393	0.001077	0.6
587	-0.641580	227.942180	1.869788	0.007157	0.6
588	-0.663045	228.935818	1.862354	0.003613	0.6
589	-0.648080	229.935818	1.854933	0.002782	0.5
590	-0.624017	230.684763	1.849413	0.004109	0.6
591	-0.634968	231.581275	1.842849	0.002034	0.5
592	-0.570745	232.371316	1.837102	0.003525	0.5
593	-0.646763	233.362616	1.829943	0.005560	0.6
594	-0.650117	233.721429	1.827365	0.004131	0.5
595	-0.637984	233.665730	1.827765	0.004372	0.5
596	-0.686677	234.665713	1.820616	0.003125	0.5
597	-0.648974	234.610061	1.821012	0.005852	0.5
598	-0.630622	235.609403	1.813921	0.002288	0.5
599	-0.649634	235.772811	1.812766	0.001212	0.6
600	-0.599909	235.809010	1.812511	0.002855	0.6
601	-0.661872	235.753857	1.812900	0.002560	0.6
602	-0.659280	235.703006	1.813259	0.004596	0.7
603	-0.656560	235.647313	1.813653	0.006667	0.6
604	-0.657382	236.647313	1.806613	0.005085	0.6
605	-0.640407	237.647313	1.799628	0.002768	0.6
606	-0.656310	238.647237	1.792698	0.001951	0.6
607	-0.654622	238.627146	1.792837	0.004722	0.6
608	-0.636528	238.571461	1.793221	0.003597	0.6
609	-0.605222	239.571453	1.786339	0.002883	0.5
610	-0.636711	240.562606	1.779570	0.004927	0.6
611	-0.617311	241.562383	1.772794	0.004107	0.6
612	-0.613253	241.506684	1.773170	0.003953	0.5
613	-0.635804	242.451368	1.766812	0.002848	0.6
614	-0.648845	242.395743	1.767185	0.003477	0.6
615	-0.634645	242.529915	1.766286	0.002091	0.5
616	-0.645379	243.356287	1.760764	0.003985	0.6
617	-0.658550	244.336005	1.754263	0.007318	0.6
618	-0.631155	245.336005	1.747676	0.004931	0.5
619	-0.638780	246.336005	1.741139	0.003555	0.6
620	-0.661561	246.280306	1.741502	0.001705	0.5
621	-0.654158	246.568495	1.739626	0.005471	0.5
622	-0.664713	246.514469	1.739977	0.001328	0.6
623	-0.616542	246.540461	1.739808	0.005844	0.6
624	-0.630177	246.485453	1.740166	0.003569	0.6
625	-0.638118	246.429755	1.740528	0.006858	0.6
626	-0.638743	247.429755	1.734044	0.003378	0.6
627	-0.639533	247.932227	1.730804	0.003271	0.6
628	-0.613103	248.925601	1.724435	0.004260	0.5
629	-0.621640	248.870114	1.724789	0.005404	0.5
630	-0.624736	248.816489	1.725132	0.003464	0.7
631	-0.648496	248.762497	1.725477	0.004893	0.7
632	-0.633649	248.726349	1.725709	0.004657	0.5
633	-0.625992	248.670650	1.726065	0.008083	0.5
634	-0.616781	248.632280	1.726311	0.006519	0.5
635	-0.648211	248.576581	1.726667	0.004947	0.7
636	-0.627920	249.547361	1.720472	0.002605	0.6
637	-0.683207	249.504180	1.720746	0.005052	0.7
638	-0.659357	250.503721	1.714411	0.004152	0.7
639	-0.637047	251.480309	1.708267	0.005049	0.6
640	-0.654674	251.424610	1.708616	0.001665	0.6
641	-0.656881	251.369176	1.708964	0.002484	0.6
642	-0.607728	251.324147	1.709246	0.005887	0.6
643	-0.678149	251.270848	1.709581	0.006002	0.6
644	-0.646118	251.225523	1.709866	0.001959	0.5
645	-0.648069	252.224792	1.703612	0.004872	0.6
646	-0.658248	252.626585	1.701111	0.004755	0.6
647	-0.640685	253.626584	1.694916	0.003913	0.6
648	-0.625500	254.626584	1.688767	0.002764	0.6
649	-0.641080	255.626405	1.682663	0.003725	0.6
650	-0.610714	255.628133	1.682653	0.002526	0.6
651	-0.644785	255.689985	1.682277	0.004541	0.6
652	-0.663488	256.689699	1.676220	0.002801	0.5
653	-0.654147	257.685672	1.670230	0.003346	0.6
654	-0.598891	257.634192	1.670538	0.004183	0.5
655	-0.666518	257.581459	1.670854	0.005656	0.6
656	-0.673113	257.527227	1.671180	0.003561	0.6
657	-0.630326	257.471529	1.671514	0.002056	0.5
658	-0.624615	257.416122	1.671847	0.006821	0.6
659	-0.658969	258.416074	1.665864	0.005370	0.5
660	-0.637837	258.360375	1.666196	0.005428	0.5
661	-0.638061	259.360366	1.660253	0.004637	0.5
662	-0.632278	259.304667	1.660583	0.003127	0.5
663	-0.649984	259.248972	1.660913	0.005377	0.5
664	-0.645799	259.193348	1.661242	0.004038	0.6
665	-0.634114	259.138749	1.661566	0.002826	0.6
666	-0.627377	259.100082	1.661796	0.001929	0.5
667	-0.643426	259.044603	1.662125	0.003332	0.5
668	-0.630915	259.889228	1.657127	0.006225	0.6
669	-0.625487	259.833529	1.657455	0.006187	0.6
670	-0.613959	260.833529	1.651575	0.003268	0.6
671	-0.628063	261.833089	1.645738	0.002907	0.6
672	-0.633364	262.832929	1.639940	0.006219	0.6
673	-0.606487	263.832929	1.634183	0.002940	0.6
674	-0.617546	264.832923	1.628466	0.001891	0.6
675	-0.657941	264.780481	1.628764	0.002771	0.6
676	-0.632064	264.913137	1.628009	0.005247	0.6
677	-0.633116	264.857640	1.628325	0.004683	0.6
678	-0.628194	265.857640	1.622648	0.006277	0.6
679	-0.616092	265.801948	1.622963	0.004956	0.6
680	-0.628607	266.251779	1.620422	0.003473	0.5
681	-0.642449	266.196279	1.620735	0.003084	0.5
682	-0.643260	266.140581	1.621049	0.005362	0.5
683	-0.640407	266.085053	1.621363	0.002982	0.5
684	-0.668335	266.036018	1.621640	0.003066	0.6
685	-0.637759	265.980321	1.621955	0.002021	0.7
686	-0.653129	266.279578	1.620265	0.002332	0.6
687	-0.646938	266.938074	1.616560	0.005381	0.6
688	-0.643940	266.882375	1.616872	0.000839	0.7
689	-0.664379	267.769406	1.611906	0.004093	0.5
690	-0.643194	268.079033	1.610179	0.004210	0.6
691	-0.620125	269.079033	1.604628	0.003357	0.6
692	-0.644827	270.078995	1.599116	0.003012	0.6
693	-0.656404	271.067566	1.593703	0.004995	0.6
694	-0.635095	271.011867	1.594007	0.002258	0.7
695	-0.636649	272.006643	1.588596	0.004255	0.6
696	-0.641874	271.950966	1.588898	0.005037	0.6
697	-0.654274	272.950966	1.583492	0.004399	0.7
698	-0.647318	273.950966	1.578124	0.002735	0.6
699	-0.668036	273.896283	1.578416	0.006428	0.6
700	-0.667207	274.864990	1.573248	0.004302	0.6
701	-0.626316	275.864989	1.567949	0.004918	0.5
702	-0.643626	275.809293	1.568243	0.003823	0.7
703	-0.625132	275.753594	1.568537	0.004018	0.5
704	-0.659099	275.701150	1.568815	0.004040	0.5
705	-0.670022	275.645451	1.569109	0.002543	0.5
706	-0.621675	275.607655	1.569309	0.007735	0.5
707	-0.630624	276.607655	1.564036	0.006969	0.5
708	-0.633289	276.551956	1.564329	0.001295	0.6
709	-0.616441	276.546797	1.564356	0.004964	0.6
710	-0.648315	277.541398	1.559144	0.002675	0.5
711	-0.662456	277.485882	1.559434	0.006148	0.5
712	-0.641784	277.430203	1.559725	0.004551	0.5
713	-0.641705	278.430203	1.554516	0.005745	0.5
714	-0.639171	278.374505	1.554805	0.004174	0.6
715	-0.653266	279.374505	1.549629	0.003667	0.6
716	-0.632180	279.318806	1.549916	0.005026	0.7
717	-0.625480	279.263107	1.550204	0.001844	0.6
718	-0.660797	279.207409	1.550492	0.004209	0.6
719	-0.644829	280.206941	1.545346	0.004282	0.5
720	-0.615681	280.151261	1.545632	0.003903	0.6
721	-0.632168	281.151256	1.540517	0.003797	0.5
722	-0.634959	281.095561	1.540801	0.002414	0.5
723	-0.637337	281.039868	1.541085	0.006500	0.6
724	-0.639970	282.039867	1.535999	0.006191	0.5
725	-0.621485	281.984168	1.536282	0.005467	0.5
726	-0.647911	281.928479	1.536564	0.003150	0.5
727	-0.649211	282.928138	1.531510	0.005174	0.6
728	-0.662842	282.872459	1.531791	0.002941	0.6
729	-0.681873	282.816805	1.532072	0.003408	0.5
730	-0.648862	283.770164	1.527279	0.005115	0.5
731	-0.626183	283.714465	1.527558	0.005211	0.5
732	-0.634195	284.714453	1.522562	0.002269	0.5
733	-0.630262	284.659456	1.522836	0.006260	0.6
734	-0.618217	284.604944	1.523107	0.004020	0.5
735	-0.650042	284.638216	1.522941	0.003586	0.6
736	-0.615862	284.595628	1.523154	0.004707	0.5
737	-0.638372	285.406489	1.519123	0.006020	0.6
738	-0.662731	286.406355	1.514182	0.003495	0.7
739	-0.641013	286.350656	1.514456	0.002883	0.7
740	-0.623698	286.967880	1.511421	0.003473	0.9
741	-0.623355	287.967614	1.506530	0.003144	0.6
742	-0.641127	288.878302	1.502103	0.004128	0.6
743	-0.638521	288.822604	1.502373	0.002630	0.6
744	-0.630650	288.779682	1.502581	0.004318	0.6
745	-0.642731	288.833879	1.502318	0.005233	0.6
746	-0.618324	289.833879	1.497485	0.004621	0.6
747	-0.655603	289.778181	1.497753	0.003972	0.6
748	-0.634081	289.738593	1.497944	0.007519	0.5
749	-0.635064	290.720964	1.493224	0.004004	0.6
750	-0.653791	291.720964	1.488449	0.006153	0.5
751	-0.628689	291.665269	1.488714	0.002473	0.6
752	-0.664802	291.609570	1.488979	0.005685	0.6
753	-0.639669	291.572947	1.489153	0.003154	0.6
754	-0.642107	291.517248	1.489419	0.005342	0.5
755	-0.624386	291.687576	1.488608	0.005461	0.5
756	-0.623761	292.687576	1.483862	0.004608	0.5
757	-0.645567	293.687576	1.479147	0.004040	0.5
758	-0.663036	293.632906	1.479404	0.002838	0.5
759	-0.652104	293.682521	1.479170	0.005144	0.8
760	-0.621994	294.570004	1.475011	0.004114	0.6
761	-0.656860	294.514305	1.475271	0.003706	0.6
762	-0.635114	294.458611	1.475531	0.007378	0.6
763	-0.651299	294.487095	1.475398	0.003805	0.6
764	-0.645529	294.693236	1.474435	0.006552	0.5
765	-0.642720	294.642429	1.474672	0.002790	0.6
766	-0.614840	295.642429	1.470015	0.002293	0.5
767	-0.658467	295.624265	1.470099	0.007166	0.6
768	-0.613042	295.569207	1.470355	0.006284	0.6
769	-0.628756	296.562614	1.465755	0.002597	0.5
770	-0.639385	296.506916	1.466012	0.001419	0.6
771	-0.650657	296.452634	1.466263	0.003639	0.6
772	-0.618981	297.089787	1.463326	0.003889	0.5
773	-0.653428	297.071788	1.463409	0.006826	0.6
774	-0.653743	297.935845	1.459444	0.003322	0.5
775	-0.629435	298.935845	1.454883	0.002993	0.5
776	-0.665030	298.880716	1.455133	0.005315	0.5
777	-0.646497	299.880716	1.450598	0.003350	0.5
778	-0.648797	300.880666	1.446092	0.004781	0.5
779	-0.628060	301.880666	1.441613	0.004207	0.5
780	-0.634374	302.880632	1.437162	0.003994	0.5
781	-0.655843	303.720179	1.433447	0.004654	0.6
782	-0.606189	303.665547	1.433688	0.004206	0.6
783	-0.660226	304.665535	1.429286	0.003322	0.6
784	-0.643990	305.633059	1.425052	0.004319	0.6
785	-0.673009	305.587635	1.425250	0.004388	0.6
786	-0.624984	306.587630	1.420899	0.003243	0.6
787	-0.657458	306.532134	1.421140	0.002089	0.5
788	-0.639703	307.135728	1.418526	0.005204	0.7
789	-0.636270	307.080029	1.418767	0.002633	0.5
790	-0.634714	308.052948	1.414572	0.002980	0.6
791	-0.655868	309.051621	1.410292	0.004785	0.5
792	-0.660199	309.789504	1.407146	0.005960	0.6
793	-0.617490	309.733984	1.407382	0.002663	0.5
794	-0.616455	310.691730	1.403318	0.004721	0.6
795	-0.668627	310.636032	1.403554	0.003257	0.5
796	-0.669350	310.904734	1.402418	0.012496	0.6
797	-0.637281	311.904733	1.398205	0.004362	0.5
798	-0.643476	312.904733	1.394018	0.000820	0.5
799	-0.609324	312.941399	1.393865	0.003383	0.5
800	-0.618826	312.892160	1.394070	0.004555	0.5
801	-0.662253	312.836780	1.394301	0.003092	0.5
802	-0.644072	312.867123	1.394175	0.002272	0.5
803	-0.667916	312.811515	1.394407	0.004235	0.6
804	-0.614055	312.755832	1.394640	0.003491	0.6
805	-0.646655	313.755831	1.390473	0.002802	0.6
806	-0.633882	313.700164	1.390705	0.005320	0.6
807	-0.614064	313.722018	1.390614	0.005755	0.6
808	-0.620587	314.722016	1.386472	0.004551	0.5
809	-0.644424	315.721962	1.382354	0.005426	0.6
810	-0.660667	316.721962	1.378261	0.004664	0.5
811	-0.629105	317.721962	1.374192	0.003994	0.5
812	-0.645015	317.666263	1.374418	0.002960	0.5
813	-0.608571	317.610566	1.374644	0.004546	0.5
814	-0.652080	318.601156	1.370635	0.003228	0.5
815	-0.634525	319.544099	1.366839	0.004252	0.5
816	-0.639963	319.488481	1.367063	0.003673	0.5
817	-0.646716	320.465183	1.363152	0.007579	0.5
818	-0.653538	321.465168	1.359172	0.004648	0.5
819	-0.636831	322.465168	1.355215	0.002268	0.5
820	-0.602575	323.461373	1.351295	0.004252	0.5
821	-0.652774	323.405887	1.351513	0.003749	0.5
822	-0.628757	323.350188	1.351732	0.003971	0.5
823	-0.655084	323.863277	1.349721	0.003377	0.5
824	-0.629029	324.857327	1.345841	0.002308	0.5
825	-0.631262	324.885165	1.345733	0.003910	0.6
826	-0.640652	324.836715	1.345922	0.002371	0.6
827	-0.659048	324.801119	1.346060	0.003843	0.7
828	-0.655619	325.791500	1.342216	0.003309	0.6
829	-0.660803	325.735823	1.342431	0.007172	0.5
830	-0.619328	325.680124	1.342647	0.004810	0.5
831	-0.645178	326.680124	1.338785	0.004340	0.6
832	-0.648019	326.624447	1.339000	0.005380	0.6
833	-0.609624	327.473870	1.335736	0.003238	0.5
834	-0.645199	328.162028	1.333103	0.003822	0.6
835	-0.657387	328.611470	1.331390	0.003550	0.5
836	-0.658683	328.555772	1.331602	0.002686	0.6
837	-0.625879	329.554747	1.327807	0.002459	0.5
838	-0.653394	329.548356	1.327831	0.004906	0.6
839	-0.611340	329.494145	1.328037	0.003566	0.5
840	-0.651676	329.438463	1.328248	0.004156	0.5
841	-0.631646	329.383886	1.328455	0.001807	0.5
842	-0.622735	329.338730	1.328626	0.004530	0.6
843	-0.657351	329.547034	1.327836	0.001468	0.6
844	-0.635438	329.495673	1.328031	0.002237	0.5
845	-0.648189	329.440950	1.328238	0.001277	0.5
846	-0.649794	329.392424	1.328422	0.006280	0.5
847	-0.628662	329.338554	1.328626	0.005502	0.5
848	-0.645075	330.338554	1.324845	0.002040	0.5
849	-0.671584	330.282855	1.325055	0.003100	0.6
850	-0.647121	330.227338	1.325264	0.006361	0.6
851	-0.657169	331.227338	1.321502	0.003538	0.6
852	-0.613389	332.224033	1.317773	0.003859	0.6
853	-0.666146	333.223977	1.314053	0.003124	0.5
854	-0.643216	333.168457	1.314259	0.002676	0.5
855	-0.662932	333.482898	1.313093	0.005673	0.6
856	-0.638040	334.482471	1.309401	0.003036	0.6
857	-0.613504	335.482385	1.305728	0.003452	0.6
858	-0.626528	336.418053	1.302310	0.003210	0.5
859	-0.630614	336.669216	1.301395	0.003545	0.6
860	-0.638594	336.613750	1.301597	0.004268	0.7
861	-0.609749	337.585698	1.298069	0.002275	0.5
862	-0.623155	338.279478	1.295563	0.003355	0.5
863	-0.668545	338.223794	1.295763	0.002826	0.5
864	-0.615198	338.168148	1.295964	0.005532	0.6
865	-0.661929	338.112449	1.296165	0.005913	0.5
866	-0.638491	338.056750	1.296366	0.005775	0.5
867	-0.641936	338.001052	1.296567	0.003312	0.5
868	-0.619305	337.945363	1.296769	0.003823	0.6
869	-0.627702	338.929547	1.293223	0.004728	0.5
870	-0.641825	339.807394	1.290076	0.004001	0.5
871	-0.632187	339.756997	1.290257	0.006298	0.6
872	-0.632146	340.756997	1.286690	0.003844	0.7
873	-0.622766	341.756997	1.283143	0.004408	0.6
874	-0.670318	342.589080	1.280206	0.005625	0.5
875	-0.688354	343.589080	1.276695	0.005619	0.6
876	-0.699314	344.589080	1.273203	0.006996	0.5
877	-0.639865	344.576380	1.273247	0.004665	0.6
878	-0.615377	345.574297	1.269781	0.005161	0.6
879	-0.647763	346.574297	1.266326	0.004759	0.6
880	-0.652124	347.574297	1.262891	0.002324	0.6
881	-0.650639	347.519143	1.263080	0.004104	0.6
882	-0.653578	347.463511	1.263270	0.004797	0.5
883	-0.641417	348.461224	1.259859	0.002080	0.5
884	-0.641676	348.734351	1.258928	0.005017	0.5
885	-0.633429	348.678658	1.259118	0.003763	0.5
886	-0.634462	349.678658	1.255721	0.004467	0.5
887	-0.673747	349.622959	1.255910	0.003343	0.5
888	-0.634122	349.567261	1.256099	0.001934	0.5
889	-0.665210	349.511576	1.256288	0.001647	0.5
890	-0.621604	349.489927	1.256361	0.006890	0.7
891	-0.650762	349.434487	1.256549	0.002859	0.5
892	-0.673623	350.423729	1.253202	0.004808	0.6
893	-0.641194	351.423663	1.249838	0.002708	0.6
894	-0.617438	351.367968	1.250024	0.007719	0.6
895	-0.615343	352.342275	1.246762	0.002454	0.6
896	-0.612430	353.340160	1.243439	0.004775	0.6
897	-0.621157	354.339875	1.240127	0.005655	0.5
898	-0.624776	354.284176	1.240311	0.006315	0.7
899	-0.669109	354.228478	1.240495	0.000873	0.5
900	-0.607451	354.179022	1.240659	0.003104	0.6
901	-0.657294	354.133750	1.240808	0.003411	0.7
902	-0.630495	354.166914	1.240699	0.003573	0.6
903	-0.630470	354.111223	1.240883	0.005255	0.6
904	-0.629759	354.914287	1.238232	0.003788	0.6
905	-0.643454	355.903275	1.234983	0.001552	0.6
906	-0.625691	355.967610	1.234772	0.001564	0.5
907	-0.618251	355.934992	1.234879	0.004208	0.6
908	-0.622086	355.879534	1.235061	0.005131	0.6
909	-0.620934	355.823835	1.235243	0.004308	0.6
910	-0.636885	356.823578	1.231975	0.003135	0.6
911	-0.634688	356.767906	1.232156	0.007074	0.6
912	-0.625265	356.713021	1.232335	0.002240	0.5
913	-0.631234	357.681788	1.229183	0.004261	0.5
914	-0.621699	357.944912	1.228329	0.003569	0.7
915	-0.644765	358.242961	1.227364	0.001527	0.6
916	-0.632590	358.472572	1.226621	0.002954	0.6
917	-0.613015	359.230326	1.224177	0.004899	0.7
918	-0.644381	360.228994	1.220970	0.002369	0.6
919	-0.617311	360.173304	1.221148	0.004940	0.6
920	-0.636123	361.172435	1.217956	0.002479	0.6
921	-0.644177	362.172424	1.214777	0.004227	0.6
922	-0.644180	362.116727	1.214954	0.005088	0.6
923	-0.656000	363.116727	1.211791	0.003282	0.6
924	-0.689264	364.114984	1.208650	0.005801	0.6
925	-0.659131	364.184035	1.208433	0.004095	0.8
926	-0.655542	365.184035	1.205304	0.003848	0.6
927	-0.652954	365.128339	1.205478	0.007061	0.6
928	-0.615977	365.072653	1.205651	0.002249	0.6
929	-0.618698	366.021929	1.202694	0.001933	0.6
930	-0.666346	365.969039	1.202859	0.005879	0.6
931	-0.631781	365.913347	1.203032	0.003007	0.6
932	-0.669650	365.858603	1.203202	0.009023	0.5
933	-0.624627	366.858603	1.200100	0.003023	0.7
934	-0.674464	367.858147	1.197015	0.005378	0.6
935	-0.636431	368.857844	1.193946	0.006328	0.6
936	-0.624956	369.785209	1.191112	0.004692	0.6
937	-0.648549	370.783551	1.188077	0.004399	0.6
938	-0.647202	370.728065	1.188245	0.005827	0.6
939	-0.613327	371.728065	1.185220	0.006587	0.6
940	-0.648138	371.672366	1.185388	0.001573	0.6
941	-0.642634	372.671490	1.182379	0.000658	0.5
942	-0.618646	372.636090	1.182486	0.003845	0.6
943	-0.668114	372.730443	1.182202	0.003217	0.6
944	-0.632435	373.730096	1.179208	0.003137	0.6
945	-0.606492	373.674450	1.179375	0.006168	0.7
946	-0.655236	373.618756	1.179541	0.004508	0.6
947	-0.613978	374.618755	1.176560	0.002857	0.7
948	-0.632864	374.563057	1.176725	0.004784	0.7
949	-0.637495	375.563052	1.173758	0.002327	0.6
950	-0.602734	376.339453	1.171465	0.005864	0.6
951	-0.639016	376.767533	1.170204	0.001706	0.6
952	-0.660410	376.711836	1.170368	0.002985	0.6
953	-0.610327	376.662354	1.170513	0.004392	0.5
954	-0.670259	377.509716	1.168024	0.004241	0.5
955	-0.616967	378.494676	1.165145	0.001830	0.6
956	-0.613273	378.439061	1.165307	0.005092	0.6
957	-0.628453	378.985116	1.163716	0.002326	0.6
958	-0.688042	379.985061	1.160814	0.003181	0.6
959	-0.630649	379.997713	1.160777	0.006300	0.6
960	-0.673052	380.997713	1.157890	0.005145	0.6
961	-0.644300	381.997713	1.155017	0.004858	0.6
962	-0.623261	382.997713	1.152158	0.002555	0.6
963	-0.642245	382.942136	1.152316	0.003364	0.6
964	-0.650328	382.886441	1.152475	0.007061	0.5
965	-0.635277	383.886441	1.149629	0.003465	0.5
966	-0.639861	384.876542	1.146824	0.006955	0.6
967	-0.626130	384.820844	1.146982	0.002123	0.6
968	-0.623859	385.048045	1.146340	0.005286	0.5
969	-0.606852	385.041176	1.146359	0.004669	0.6
970	-0.640216	385.477367	1.145129	0.003830	0.6
971	-0.642993	385.880123	1.143996	0.003333	0.6
972	-0.643011	385.848835	1.144084	0.004477	0.8
973	-0.628637	386.807664	1.141394	0.006351	0.6
974	-0.631046	386.751965	1.141550	0.003246	0.6
975	-0.626056	386.696266	1.141706	0.001939	0.7
976	-0.656857	386.739504	1.141584	0.005440	0.6
977	-0.631029	386.683852	1.141740	0.004848	0.6
978	-0.633562	387.548318	1.139324	0.005111	0.6
979	-0.636557	388.548318	1.136543	0.005713	0.6
980	-0.654259	389.548318	1.133774	0.002807	0.6
981	-0.641305	389.506236	1.133890	0.004182	0.6
982	-0.656063	389.450564	1.134044	0.008037	0.6
983	-0.643446	389.394953	1.134198	0.004593	0.6
984	-0.660884	390.352782	1.131557	0.002054	0.6
985	-0.616182	390.303509	1.131692	0.005805	0.6
986	-0.672022	391.303257	1.128948	0.001368	0.7
987	-0.661288	392.301796	1.126221	0.006943	0.7
988	-0.652114	393.239936	1.123670	0.003473	0.6
989	-0.628322	393.184239	1.123821	0.001804	0.6
990	-0.624374	393.144018	1.123930	0.002281	0.6
991	-0.655560	393.090738	1.124075	0.001910	0.6
992	-0.661489	393.125109	1.123982	0.005925	0.7
993	-0.617473	393.069412	1.124133	0.005119	0.6
994	-0.635935	393.013713	1.124284	0.003124	0.6
995	-0.645613	392.958069	1.124435	0.005220	0.8
996	-0.645472	393.958068	1.121726	0.005579	0.6
997	-0.635752	393.902369	1.121876	0.002800	0.6
998	-0.614253	393.846671	1.122027	0.006197	0.6
999	-0.620706	393.790991	1.122177	0.004764	0.6
