1:ItNr	2:Metric	3a:Time	3b:StepSize	4:||Gradient||	Time[ms]
0	-0.271524	0.000000	3.921365	0.016804	77.3
1	-0.285151	0.000000	3.921365	0.029287	0.7
2	-0.280420	0.999947	3.743131	0.032392	0.7
3	-0.281164	1.999315	3.580484	0.036534	0.6
4	-0.275083	2.999315	3.431293	0.021176	0.6
5	-0.275980	3.874702	3.310539	0.011798	0.6
6	-0.257180	4.859829	3.184425	0.009118	0.7
7	-0.266151	4.561541	3.221585	0.028491	0.6
8	-0.270394	3.854879	3.313180	0.019958	0.6
9	-0.253168	2.934023	3.440653	0.030046	0.6
10	-0.243608	3.844984	3.314499	0.017414	0.6
11	-0.284292	4.839521	3.186927	0.009288	0.6
12	-0.294596	3.956448	3.299695	0.012615	0.6
13	-0.292239	4.082829	3.283070	0.016337	0.6
14	-0.259243	4.817474	3.189649	0.012750	0.7
15	-0.257107	3.925878	3.303742	0.021372	0.7
16	-0.283876	4.919946	3.177039	0.033601	0.7
17	-0.258177	4.115121	3.278848	0.016541	0.7
18	-0.256901	5.100936	3.155009	0.012428	0.7
19	-0.275883	4.323844	3.251824	0.021400	0.7
20	-0.267049	3.773322	3.324087	0.025220	0.6
21	-0.280034	4.773319	3.195113	0.016955	0.8
22	-0.257573	5.624870	3.092923	0.029362	0.6
23	-0.251094	6.469543	2.997817	0.030514	0.6
24	-0.261621	7.469487	2.892524	0.009165	0.6
25	-0.281434	8.465237	2.794774	0.022046	0.6
26	-0.281701	9.455277	2.703921	0.021939	0.6
27	-0.274658	10.004534	2.656020	0.023828	0.6
28	-0.285378	11.004533	2.573032	0.028429	0.7
29	-0.281069	10.260488	2.634273	0.014696	0.7
30	-0.260447	11.256761	2.552912	0.032521	0.7
31	-0.243916	10.335881	2.627936	0.022052	0.7
32	-0.270856	11.335872	2.546666	0.021661	0.7
33	-0.283245	10.601254	2.605867	0.012129	0.6
34	-0.254006	10.130067	2.645310	0.005237	0.7
35	-0.284413	9.795624	2.674038	0.026495	0.7
36	-0.281796	8.932260	2.751168	0.013202	0.8
37	-0.272140	8.022943	2.837365	0.014106	0.6
38	-0.264287	7.161885	2.924118	0.013756	0.6
39	-0.247897	8.107842	2.829089	0.022294	0.7
40	-0.273868	9.077530	2.737880	0.020480	0.6
41	-0.294982	8.309609	2.809614	0.017481	0.7
42	-0.265888	7.415995	2.897969	0.016823	0.6
43	-0.256640	8.394770	2.801474	0.019951	0.7
44	-0.297141	7.757841	2.863521	0.014778	0.6
45	-0.246847	6.846859	2.957198	0.012249	0.6
46	-0.239772	6.249201	3.022058	0.023644	0.6
47	-0.264076	6.270911	3.019653	0.032177	1.0
48	-0.271272	5.350000	3.125187	0.015807	0.7
49	-0.259515	4.431760	3.238025	0.014856	0.6
50	-0.272986	3.795354	3.321133	0.014589	0.6
51	-0.277721	3.654898	3.340053	0.029924	0.6
52	-0.257948	2.818711	3.457310	0.025116	0.6
53	-0.253426	3.818711	3.318008	0.021908	0.7
54	-0.262067	2.899555	3.445615	0.032460	0.7
55	-0.281852	3.857316	3.312855	0.022219	0.8
56	-0.283190	4.857180	3.184751	0.026710	0.6
57	-0.290754	3.936256	3.302367	0.010383	0.7
58	-0.269297	3.553342	3.353868	0.010501	0.8
59	-0.272573	2.748282	3.467563	0.016722	0.6
60	-0.276837	2.573129	3.493328	0.040078	0.7
61	-0.266463	1.653164	3.635195	0.013530	0.8
62	-0.279466	0.734728	3.788806	0.024258	0.6
63	-0.259964	1.318388	3.689723	0.033682	0.6
64	-0.275673	0.401955	3.847718	0.034695	0.7
65	-0.285529	1.401955	3.675959	0.019034	0.6
66	-0.246914	2.136908	3.559191	0.022010	0.6
67	-0.267499	1.216679	3.706615	0.039727	0.6
68	-0.297117	2.216679	3.546962	0.027733	0.6
69	-0.261784	3.216677	3.400494	0.040074	0.6
70	-0.262669	4.216677	3.265643	0.030350	0.6
71	-0.268511	5.216508	3.141100	0.025154	0.6
72	-0.264424	6.216506	3.025689	0.010489	0.7
73	-0.273802	5.393187	3.120073	0.030671	0.8
74	-0.250625	4.473678	3.232697	0.033236	0.7
75	-0.281068	5.025313	3.164176	0.018500	0.7
76	-0.253700	4.122867	3.277837	0.012590	0.7
77	-0.282238	4.165727	3.272255	0.027481	0.7
78	-0.276779	5.100574	3.155052	0.016817	0.7
79	-0.282411	6.100506	3.038640	0.017772	0.7
80	-0.285816	5.521272	3.105005	0.024411	0.6
81	-0.282011	4.603012	3.216367	0.014123	0.7
82	-0.253498	5.602077	3.095573	0.025049	0.7
83	-0.284645	6.601590	2.983476	0.021970	0.6
84	-0.286568	5.682198	3.086278	0.016715	0.6
85	-0.284512	6.166184	3.031293	0.018693	0.7
86	-0.259366	5.937640	3.057011	0.016234	0.8
87	-0.253874	5.020472	3.164765	0.011437	0.6
88	-0.270167	5.297807	3.131389	0.009964	0.6
89	-0.272015	5.392114	3.120200	0.045091	0.6
90	-0.252909	6.366014	3.009159	0.010523	0.6
91	-0.291772	7.363817	2.903300	0.017807	0.7
92	-0.266420	7.776831	2.861631	0.032448	0.7
93	-0.279336	8.776828	2.765529	0.017778	0.7
94	-0.265391	9.768998	2.676352	0.039479	0.6
95	-0.281048	10.768997	2.592108	0.027070	0.6
96	-0.260478	10.412768	2.621503	0.027706	0.6
97	-0.262809	11.410942	2.540768	0.011675	0.6
98	-0.262494	11.220080	2.555818	0.020292	0.6
99	-0.275420	10.366135	2.625401	0.040099	0.8
100	-0.268838	9.454230	2.704014	0.034227	0.6
101	-0.282139	10.454230	2.618048	0.035880	0.6
102	-0.274977	11.454230	2.537379	0.038103	0.6
103	-0.265902	12.454230	2.461533	0.024595	0.6
104	-0.276366	11.534088	2.531151	0.026682	0.6
105	-0.256327	12.534084	2.455671	0.015462	0.6
106	-0.270065	13.530441	2.384814	0.025523	0.6
107	-0.250763	14.322145	2.331361	0.025062	0.6
108	-0.271820	13.404726	2.393528	0.028229	0.6
109	-0.276676	12.560741	2.453720	0.018857	0.7
110	-0.257675	12.630126	2.448658	0.023417	0.8
111	-0.279331	13.458641	2.389783	0.027323	0.7
112	-0.263637	14.458639	2.322387	0.013193	0.6
113	-0.283616	15.449791	2.259236	0.021797	0.6
114	-0.260619	14.532224	2.317577	0.031184	0.6
115	-0.280551	15.530902	2.254220	0.030722	0.6
116	-0.266758	14.609978	2.312517	0.021522	0.6
117	-0.265426	15.608579	2.249437	0.018924	0.6
118	-0.252285	16.608485	2.189630	0.043296	0.6
119	-0.269004	17.608484	2.132917	0.021409	0.6
120	-0.269261	18.608484	2.079067	0.034860	0.7
121	-0.278388	17.687561	2.128557	0.017623	0.7
122	-0.249427	17.964137	2.113448	0.018106	0.8
123	-0.280665	17.161859	2.157879	0.026530	0.7
124	-0.277742	16.240945	2.211240	0.030213	0.7
125	-0.264560	17.240945	2.153416	0.019120	0.6
126	-0.271475	16.445356	2.199169	0.021753	0.7
127	-0.282998	17.324182	2.148739	0.026069	0.7
128	-0.285079	16.403387	2.201637	0.019572	0.7
129	-0.300222	17.403125	2.144322	0.025180	0.7
130	-0.281384	16.642454	2.187654	0.025477	0.6
131	-0.271379	17.240604	2.153436	0.016207	0.6
132	-0.306811	16.442655	2.199328	0.034513	0.7
133	-0.271317	17.442580	2.142121	0.018906	0.6
134	-0.266696	17.019625	2.165952	0.028305	0.6
135	-0.265212	18.019560	2.110446	0.011823	0.6
136	-0.281728	17.120034	2.160247	0.017776	0.7
137	-0.271225	16.224144	2.212238	0.008471	0.6
138	-0.266175	17.122323	2.160117	0.022934	0.7
139	-0.288922	16.586426	2.190915	0.027947	0.7
140	-0.271767	15.665725	2.245931	0.032407	0.6
141	-0.255297	16.658127	2.186744	0.012811	0.6
142	-0.284422	17.630587	2.131696	0.020168	0.7
143	-0.257581	16.764738	2.180571	0.029365	0.7
144	-0.251084	17.764735	2.124319	0.028334	0.6
145	-0.267177	18.754829	2.071413	0.029055	0.6
146	-0.283636	19.732495	2.021695	0.027729	0.7
147	-0.265711	19.186792	2.049148	0.015405	0.7
148	-0.243515	20.133928	2.001965	0.032473	0.7
149	-0.251885	20.746478	1.972590	0.012972	0.7
150	-0.283959	21.745090	1.926506	0.026707	0.7
151	-0.261125	20.831010	1.968604	0.015026	0.7
152	-0.271958	20.953125	1.962873	0.010485	0.6
153	-0.268487	20.248348	1.996411	0.027294	0.6
154	-0.283070	19.803056	2.018199	0.019657	0.6
155	-0.289769	20.802753	1.969934	0.038945	0.6
156	-0.296857	21.802744	1.923911	0.024142	0.6
157	-0.278018	22.797866	1.880198	0.016537	0.7
158	-0.259196	21.892264	1.919896	0.036492	0.8
159	-0.245914	22.892235	1.876156	0.014352	0.7
160	-0.265003	23.891650	1.834387	0.025284	0.7
161	-0.268302	22.973078	1.872707	0.025589	0.7
162	-0.274302	23.911830	1.833563	0.018877	0.7
163	-0.276835	24.901964	1.794012	0.016013	0.7
164	-0.276949	24.950584	1.792114	0.019953	0.6
165	-0.269900	24.032436	1.828652	0.021295	0.7
166	-0.292615	25.032251	1.788934	0.029010	0.7
167	-0.260195	24.111326	1.825455	0.016767	0.7
168	-0.286338	23.370863	1.855918	0.018871	0.6
169	-0.307432	24.369735	1.815057	0.010307	0.6
170	-0.270090	24.077813	1.826812	0.016708	0.6
171	-0.256124	24.318782	1.817098	0.018112	0.6
172	-0.280833	23.756967	1.839907	0.004727	0.7
173	-0.279385	24.490978	1.810220	0.016833	0.6
174	-0.244186	24.891601	1.794417	0.021112	0.6
175	-0.264077	25.881901	1.756513	0.020386	0.6
176	-0.274896	26.881192	1.719854	0.025870	0.6
177	-0.298607	26.245513	1.742995	0.034552	0.7
178	-0.297201	25.324589	1.777645	0.023521	0.6
179	-0.278329	26.324417	1.740089	0.030327	0.6
180	-0.290320	25.432036	1.773531	0.028327	0.7
181	-0.278721	26.413717	1.736811	0.024312	0.7
182	-0.269758	25.492792	1.771214	0.023781	0.7
183	-0.257336	24.571880	1.807006	0.018573	0.7
184	-0.266529	25.571493	1.768221	0.010114	0.8
185	-0.272517	26.490709	1.733995	0.021583	0.7
186	-0.300580	27.464608	1.699151	0.024292	0.7
187	-0.261212	28.078246	1.677906	0.022841	0.6
188	-0.265058	28.158453	1.675168	0.020042	0.6
189	-0.285990	29.158438	1.641771	0.011532	0.6
190	-0.278055	28.845817	1.652068	0.027112	0.6
191	-0.282394	29.841467	1.619715	0.018005	0.8
192	-0.268536	30.841459	1.588471	0.018705	0.6
193	-0.274487	30.317146	1.604701	0.031229	0.6
194	-0.283367	29.676107	1.625000	0.026600	0.6
195	-0.282731	30.676107	1.593554	0.016208	0.6
196	-0.309724	31.243581	1.576245	0.027238	0.6
197	-0.257165	32.059764	1.551999	0.015933	0.6
198	-0.276875	32.458235	1.540430	0.025675	0.6
199	-0.300074	33.458191	1.512145	0.025023	0.6
200	-0.272319	32.537267	1.538156	0.008976	0.6
201	-0.293264	33.534419	1.510031	0.033338	0.7
202	-0.294870	32.623200	1.535691	0.028581	0.6
203	-0.273414	31.841872	1.558398	0.015588	0.7
204	-0.261685	32.835793	1.529627	0.017195	0.7
205	-0.280980	33.088821	1.522471	0.030863	0.7
206	-0.289993	32.170129	1.548777	0.012608	0.7
207	-0.275680	33.170043	1.520188	0.026404	0.7
208	-0.263115	32.293391	1.545195	0.022221	0.6
209	-0.295050	33.290499	1.516816	0.020826	0.6
210	-0.283758	34.285415	1.489519	0.019334	0.6
211	-0.280449	35.276966	1.463275	0.026654	0.6
212	-0.269809	34.358422	1.487555	0.022871	0.7
213	-0.247061	35.337252	1.461709	0.014608	0.6
214	-0.255624	35.915905	1.446848	0.017967	0.6
215	-0.291795	36.888904	1.422530	0.017380	0.6
216	-0.286032	35.998429	1.444753	0.017749	0.6
217	-0.304530	35.077703	1.468474	0.032026	0.7
218	-0.269014	35.485464	1.457874	0.017339	0.6
219	-0.287177	34.564544	1.482036	0.014353	0.6
220	-0.261389	34.563164	1.482073	0.008590	0.6
221	-0.293818	34.595315	1.481216	0.025676	0.7
222	-0.283555	33.796089	1.502820	0.035444	0.7
223	-0.256890	32.875164	1.528509	0.018115	0.7
224	-0.270506	33.813415	1.502345	0.018594	0.7
225	-0.251026	33.066331	1.523105	0.033828	0.7
226	-0.255992	32.145407	1.549497	0.016203	0.7
227	-0.271500	33.145406	1.520880	0.012857	0.6
228	-0.291304	32.397703	1.542176	0.018122	0.6
229	-0.287292	31.520029	1.567948	0.009962	0.7
230	-0.290004	31.505411	1.568385	0.013867	0.6
231	-0.251192	30.901321	1.586639	0.014252	0.6
232	-0.266042	30.023499	1.613936	0.025041	0.6
233	-0.290077	31.009231	1.583347	0.024881	0.8
234	-0.279952	30.098174	1.611578	0.019896	0.6
235	-0.279215	29.177272	1.641155	0.019743	0.7
236	-0.258222	30.177088	1.609093	0.030169	0.6
237	-0.282684	31.176878	1.578260	0.017814	0.6
238	-0.263102	30.255973	1.606616	0.022879	0.7
239	-0.287574	31.216891	1.577051	0.017508	0.6
240	-0.255443	31.727966	1.561765	0.013783	0.7
241	-0.264107	32.531129	1.538333	0.023798	0.7
242	-0.283902	31.612549	1.565191	0.019237	0.8
243	-0.293216	30.692290	1.593055	0.021366	0.7
244	-0.288836	29.771414	1.621950	0.017928	0.7
245	-0.277950	28.891856	1.650543	0.005696	0.6
246	-0.269252	28.463974	1.664821	0.010654	0.6
247	-0.292710	28.054585	1.678715	0.025072	0.6
248	-0.270922	27.136396	1.710736	0.016603	0.6
249	-0.274740	26.234218	1.743411	0.010840	0.6
250	-0.273752	26.747386	1.724674	0.034189	0.6
251	-0.296261	27.746973	1.689308	0.016216	0.7
252	-0.289646	26.827018	1.721802	0.022115	0.6
253	-0.255350	27.813759	1.686997	0.010539	0.7
254	-0.250947	27.218683	1.707817	0.025392	0.7
255	-0.295157	26.328425	1.739941	0.024743	0.6
256	-0.299208	25.407501	1.774469	0.020455	0.6
257	-0.264265	24.487782	1.810347	0.021142	0.7
258	-0.260708	25.486763	1.771444	0.011886	0.6
259	-0.293184	26.466900	1.734865	0.016623	0.6
260	-0.274913	27.380526	1.702104	0.018933	0.6
261	-0.281190	26.463569	1.734987	0.021636	0.6
262	-0.275335	26.529970	1.732563	0.010689	0.8
263	-0.268801	27.512804	1.697463	0.021805	0.7
264	-0.296850	28.239167	1.672422	0.026764	0.8
265	-0.269530	29.238571	1.639152	0.013784	0.6
266	-0.259838	30.193212	1.608586	0.006700	0.6
267	-0.259399	29.894754	1.618019	0.020398	0.6
268	-0.283364	29.576188	1.628210	0.030606	0.6
269	-0.267998	30.570727	1.596810	0.024631	0.7
270	-0.270824	31.568647	1.566498	0.009693	0.6
271	-0.275313	32.518230	1.538703	0.010603	0.6
272	-0.279019	32.343031	1.543757	0.011120	0.6
273	-0.260841	31.926344	1.555911	0.012958	0.7
274	-0.280712	31.241899	1.576296	0.015045	0.6
275	-0.268517	30.426618	1.601285	0.011623	0.7
276	-0.257092	31.064308	1.581672	0.026225	0.7
277	-0.280895	30.155180	1.609782	0.022826	0.6
278	-0.269865	31.155179	1.578917	0.024079	0.6
279	-0.262806	30.234259	1.607297	0.016075	0.6
280	-0.272399	30.733352	1.591791	0.018419	0.6
281	-0.263163	31.730244	1.561697	0.030530	0.7
282	-0.269876	32.696878	1.533584	0.027877	0.8
283	-0.279800	33.088586	1.522478	0.018907	0.7
284	-0.267339	32.487285	1.539593	0.013418	0.8
285	-0.281969	33.468422	1.511861	0.022740	0.8
286	-0.286006	32.549845	1.537795	0.017044	0.7
287	-0.270660	33.547131	1.509679	0.022620	0.7
288	-0.267062	34.387859	1.486764	0.015084	0.6
289	-0.251104	34.665821	1.479340	0.020450	0.6
290	-0.276846	35.531014	1.456699	0.017589	0.7
291	-0.271023	34.676169	1.479065	0.024251	0.6
292	-0.270135	35.399433	1.460098	0.014950	0.7
293	-0.257808	36.239571	1.438667	0.028873	0.6
294	-0.264619	35.389481	1.460355	0.016629	0.6
295	-0.270213	36.389351	1.434912	0.024633	0.7
296	-0.273236	35.482514	1.457950	0.023334	0.6
297	-0.282586	36.437708	1.433704	0.025744	0.6
298	-0.260369	37.435570	1.409222	0.016728	0.6
299	-0.292286	36.514838	1.431781	0.021809	0.6
300	-0.275497	37.015845	1.419417	0.027314	0.7
301	-0.293524	37.826795	1.399850	0.031988	0.7
302	-0.253032	36.905884	1.422112	0.014160	0.8
303	-0.282984	35.985064	1.445092	0.023793	0.7
304	-0.286568	36.197611	1.439722	0.022866	0.7
305	-0.269288	37.195407	1.415037	0.014843	0.6
306	-0.269544	37.520658	1.407173	0.022185	0.6
307	-0.262838	38.452040	1.385128	0.023123	0.7
308	-0.291609	37.531131	1.406921	0.028008	0.6
309	-0.299198	36.610305	1.429409	0.013201	0.6
310	-0.261424	35.737533	1.451397	0.029617	0.7
311	-0.252894	36.733997	1.426346	0.017644	0.6
312	-0.290964	37.733472	1.402074	0.017656	0.6
313	-0.253132	37.023606	1.419227	0.009221	0.6
314	-0.283939	37.669362	1.403606	0.010863	0.7
315	-0.299715	38.467450	1.384769	0.039599	0.7
316	-0.287988	37.546637	1.406548	0.015734	0.7
317	-0.270719	38.546312	1.382935	0.032387	0.6
318	-0.272733	39.534627	1.360357	0.024677	0.6
319	-0.279832	38.613840	1.381368	0.019028	0.6
320	-0.307784	39.509945	1.360911	0.031089	0.7
321	-0.264356	40.467472	1.339711	0.020252	0.7
322	-0.253273	39.555882	1.359879	0.022989	0.7
323	-0.295463	39.375685	1.363938	0.015462	0.7
324	-0.262677	38.467185	1.384775	0.007854	0.7
325	-0.286091	37.799922	1.400490	0.032120	0.6
326	-0.290145	38.331724	1.387937	0.018770	0.6
327	-0.274010	37.411443	1.409804	0.020767	0.6
328	-0.283336	38.328301	1.388017	0.019410	0.6
329	-0.265279	37.419008	1.409621	0.013141	0.6
330	-0.275563	36.551328	1.430874	0.012591	0.6
331	-0.280551	36.688914	1.427461	0.009413	0.6
332	-0.264317	37.381238	1.410533	0.032118	0.6
333	-0.279519	38.379613	1.386817	0.007720	0.6
334	-0.280322	39.235367	1.367115	0.010117	0.6
335	-0.284582	38.528494	1.383349	0.028177	0.6
336	-0.277767	38.256358	1.389702	0.027894	0.7
337	-0.268740	37.335436	1.411641	0.024200	0.7
338	-0.260843	36.414512	1.434283	0.024288	0.6
339	-0.267169	37.379767	1.410569	0.017444	0.7
340	-0.284692	36.528845	1.431433	0.023280	0.7
341	-0.277215	36.542563	1.431092	0.019061	0.7
342	-0.305824	35.650749	1.453620	0.029417	0.7
343	-0.270667	34.730025	1.477636	0.012083	0.7
344	-0.295094	34.209457	1.491568	0.024292	0.6
345	-0.279830	33.295966	1.516663	0.009292	0.7
346	-0.261015	34.267031	1.490014	0.019548	0.6
347	-0.264353	35.109127	1.467652	0.023223	0.6
348	-0.265150	36.096018	1.442284	0.013163	0.6
349	-0.270225	35.197483	1.465345	0.018771	0.6
350	-0.264375	35.788730	1.450088	0.016212	0.6
351	-0.296446	34.965358	1.471422	0.010343	0.6
352	-0.281524	34.253303	1.490385	0.019834	0.6
353	-0.277193	34.477570	1.484360	0.032745	0.6
354	-0.292178	35.477565	1.458078	0.020956	0.7
355	-0.273256	36.386403	1.434986	0.017250	0.6
356	-0.269867	37.347295	1.411354	0.014105	0.6
357	-0.287842	37.791765	1.400684	0.012913	0.6
358	-0.290163	37.462606	1.408570	0.026647	0.6
359	-0.271218	36.632541	1.428857	0.015213	0.6
360	-0.260810	37.632354	1.404492	0.019168	0.7
361	-0.269479	37.721512	1.402360	0.009126	0.7
362	-0.271789	38.634513	1.380890	0.015127	0.6
363	-0.278143	38.309157	1.388465	0.022920	0.7
364	-0.285974	39.302746	1.365587	0.015523	0.7
365	-0.270472	38.382338	1.386754	0.015043	0.6
366	-0.267704	37.832176	1.399722	0.020173	0.6
367	-0.274125	37.616341	1.404876	0.012867	0.6
368	-0.291602	36.697240	1.427255	0.032574	0.6
369	-0.280577	37.659239	1.403848	0.020594	0.6
370	-0.271831	37.614594	1.404918	0.022943	0.6
371	-0.299966	36.693797	1.427340	0.017464	0.6
372	-0.272538	35.826781	1.449117	0.028593	0.6
373	-0.256570	34.912973	1.472801	0.020760	0.6
374	-0.282222	35.912966	1.446923	0.025315	0.6
375	-0.272724	36.854694	1.423371	0.015918	0.6
376	-0.270511	35.934003	1.446388	0.022206	0.6
377	-0.271584	35.014054	1.470143	0.020139	0.6
378	-0.246454	34.119513	1.494002	0.023058	0.6
379	-0.266207	35.119501	1.467381	0.018207	0.7
380	-0.281920	36.107282	1.442000	0.019929	0.7
381	-0.267042	37.101672	1.417320	0.016859	0.7
382	-0.287897	38.083317	1.393772	0.002156	0.6
383	-0.259467	38.283049	1.389076	0.020745	0.7
384	-0.319976	38.623175	1.381152	0.018463	0.6
385	-0.291465	38.534318	1.383214	0.006376	0.7
386	-0.292715	39.027434	1.371851	0.020648	0.7
387	-0.277035	38.168450	1.391767	0.035567	0.6
388	-0.297623	39.166688	1.368676	0.014719	0.6
389	-0.258729	38.245798	1.389950	0.005162	0.6
390	-0.277544	38.811781	1.376797	0.013858	0.6
391	-0.258991	38.180405	1.391485	0.017714	0.7
392	-0.276246	39.175868	1.368467	0.017953	0.6
393	-0.287839	38.905736	1.374638	0.012343	0.6
394	-0.267747	39.883800	1.352555	0.021563	0.6
395	-0.262152	38.964463	1.373291	0.039374	0.6
396	-0.280762	38.045344	1.394668	0.018825	0.6
397	-0.275299	38.559934	1.382619	0.012752	0.6
398	-0.277087	38.334910	1.387862	0.015211	0.6
399	-0.290362	38.771977	1.377714	0.016213	0.7
400	-0.264608	37.875428	1.398693	0.020533	0.7
401	-0.303658	38.779408	1.377543	0.017721	0.7
402	-0.295405	37.859443	1.399073	0.015379	0.6
403	-0.276864	38.769970	1.377760	0.022631	0.7
404	-0.263754	39.342931	1.364678	0.013285	0.7
405	-0.296306	38.438462	1.385444	0.026227	0.7
406	-0.286351	39.425987	1.362802	0.023316	0.6
407	-0.283886	40.425960	1.340617	0.021067	0.6
408	-0.259476	40.932308	1.329656	0.018428	0.6
409	-0.277304	40.011517	1.349723	0.011526	0.6
410	-0.278715	40.848277	1.331463	0.024282	0.6
411	-0.262645	41.656741	1.314283	0.015859	0.7
412	-0.285615	40.824443	1.331976	0.021391	0.6
413	-0.276348	39.915446	1.351852	0.028601	0.6
414	-0.270562	39.241285	1.366981	0.033194	0.6
415	-0.292913	40.208269	1.345385	0.027437	0.6
416	-0.279684	41.208269	1.323758	0.024725	0.6
417	-0.285915	42.208269	1.302815	0.039444	0.6
418	-0.279133	43.208269	1.282524	0.007008	0.6
419	-0.292369	44.207425	1.262873	0.021388	0.7
420	-0.286267	43.469835	1.277321	0.021897	0.7
421	-0.259643	44.452824	1.258138	0.013165	0.6
422	-0.287487	45.428485	1.239659	0.014652	0.6
423	-0.265031	44.780060	1.251879	0.013759	0.6
424	-0.282088	44.643982	1.254474	0.024159	0.6
425	-0.260889	43.871459	1.269413	0.011597	0.7
426	-0.289763	44.847374	1.250599	0.043302	0.6
427	-0.285739	43.926557	1.268336	0.018109	0.6
428	-0.270224	43.005645	1.286585	0.022319	0.6
429	-0.268681	43.997108	1.266959	0.032810	0.6
430	-0.291482	44.997108	1.247762	0.009271	0.6
431	-0.267806	45.483634	1.238631	0.031802	0.6
432	-0.264144	46.233352	1.224819	0.021527	0.6
433	-0.275391	45.312431	1.241829	0.008056	0.6
434	-0.251815	44.904985	1.249506	0.022761	0.6
435	-0.261566	45.596637	1.236529	0.010605	0.6
436	-0.268802	46.287189	1.223839	0.026647	0.6
437	-0.287435	47.252422	1.206531	0.023193	0.6
438	-0.305083	48.249272	1.189163	0.011974	0.6
439	-0.265951	49.114847	1.174483	0.012805	0.6
440	-0.285484	49.899008	1.161493	0.039096	0.7
441	-0.284337	50.818963	1.146615	0.012542	0.8
442	-0.274014	50.419658	1.153025	0.014270	0.6
443	-0.265771	51.356369	1.138099	0.017939	0.6
444	-0.281296	50.441259	1.152677	0.022976	0.6
445	-0.247646	49.534348	1.167498	0.034963	0.6
446	-0.255421	50.534348	1.151177	0.027687	0.6
447	-0.291667	51.534057	1.135310	0.027427	0.6
448	-0.277143	52.534000	1.119872	0.012577	0.7
449	-0.246068	51.619877	1.133969	0.028104	0.6
450	-0.257283	52.618101	1.118593	0.013572	0.6
451	-0.265291	51.714835	1.132488	0.027107	0.6
452	-0.257942	51.999290	1.128075	0.020343	0.6
453	-0.294475	52.993464	1.112918	0.018069	0.6
454	-0.268575	53.991623	1.098105	0.026890	0.6
455	-0.287409	54.991410	1.083658	0.024341	0.7
456	-0.287919	54.070493	1.096951	0.015771	0.7
457	-0.265463	53.165632	1.110335	0.022646	0.8
458	-0.254901	54.164782	1.095575	0.021711	0.7
459	-0.286286	55.164753	1.081191	0.029490	0.7
460	-0.279795	54.245083	1.094406	0.028009	0.6
461	-0.266765	55.245050	1.080053	0.007396	0.6
462	-0.273190	55.709338	1.073516	0.010090	0.6
463	-0.287781	55.047113	1.082864	0.014490	0.6
464	-0.269993	54.277917	1.093929	0.030463	0.6
465	-0.274577	53.357263	1.107473	0.026109	0.6
466	-0.263342	54.354802	1.092813	0.031333	0.6
467	-0.295889	55.354774	1.078501	0.024050	0.6
468	-0.270847	56.354774	1.064558	0.033041	0.6
469	-0.273901	57.292762	1.051804	0.020438	0.7
470	-0.285859	58.292762	1.038540	0.037137	0.7
471	-0.258165	57.371918	1.050742	0.031821	0.6
472	-0.278872	58.371918	1.037504	0.021340	0.6
473	-0.266057	59.371915	1.024595	0.006066	0.6
474	-0.257969	59.255933	1.026076	0.020317	0.6
475	-0.269627	60.024261	1.016346	0.028181	0.6
476	-0.267681	59.103988	1.028022	0.014456	0.7
477	-0.288124	58.629893	1.034143	0.034926	0.7
478	-0.260370	59.629435	1.021323	0.023231	0.7
479	-0.275015	60.044195	1.016096	0.019408	0.6
480	-0.279470	61.043793	1.003716	0.027614	0.6
481	-0.295331	60.122888	1.015110	0.017659	0.7
482	-0.288156	61.121316	1.002769	0.028388	0.7
483	-0.286997	60.200392	1.014141	0.015860	0.7
484	-0.282798	59.279523	1.025774	0.021464	0.7
485	-0.284069	60.278955	1.013161	0.020365	0.7
486	-0.291433	60.281575	1.013128	0.029789	0.6
487	-0.279878	61.276305	1.000880	0.007828	0.7
488	-0.307071	60.385868	1.011830	0.025721	0.7
489	-0.288013	59.655192	1.020997	0.032049	0.7
490	-0.265228	60.649888	1.008558	0.025633	0.7
491	-0.286681	61.549361	0.997569	0.024993	0.7
492	-0.259837	60.628437	1.008823	0.014090	0.7
493	-0.274241	61.627946	0.996620	0.016607	0.6
494	-0.289840	62.431752	0.987018	0.014720	0.6
495	-0.256258	62.700902	0.983845	0.016599	0.7
496	-0.268078	63.133060	0.978791	0.029828	0.6
497	-0.277332	64.121654	0.967423	0.023516	0.7
498	-0.286186	65.116000	0.956253	0.021232	0.6
499	-0.267789	64.195107	0.966589	0.018362	0.6
500	-0.276152	63.274255	0.977151	0.031355	0.6
501	-0.276690	64.274248	0.965692	0.010693	0.6
502	-0.260596	65.270506	0.954540	0.038421	0.6
503	-0.262146	64.349664	0.964839	0.016282	0.7
504	-0.285495	63.497705	0.974567	0.029855	0.7
505	-0.282538	62.670364	0.984204	0.029465	0.6
506	-0.266479	63.670364	0.972580	0.014807	0.6
507	-0.259077	64.670313	0.961228	0.021098	0.6
508	-0.271603	63.749809	0.971668	0.022874	0.6
509	-0.294335	62.828927	0.982342	0.021455	0.7
510	-0.257996	63.828923	0.970762	0.018305	0.7
511	-0.261787	64.261003	0.965842	0.027405	0.7
512	-0.264388	63.340406	0.976385	0.026845	0.7
513	-0.272677	64.338486	0.964965	0.031908	0.6
514	-0.286733	63.417562	0.975492	0.019164	0.7
515	-0.285014	62.496642	0.986251	0.019077	0.7
516	-0.293284	63.494838	0.974600	0.022983	0.6
517	-0.284329	62.585007	0.985209	0.028690	0.7
518	-0.281546	61.665454	0.996168	0.012598	0.7
519	-0.297070	61.231252	1.001428	0.024706	0.6
520	-0.291635	62.222903	0.989495	0.013705	0.6
521	-0.264566	62.042382	0.991646	0.042479	0.6
522	-0.277466	63.040639	0.979867	0.020373	0.7
523	-0.278284	62.121923	0.990697	0.014398	0.6
524	-0.275465	61.224003	1.001516	0.017849	0.6
525	-0.275113	61.917708	0.993137	0.017823	0.6
526	-0.282674	61.278088	1.000858	0.024015	0.6
527	-0.289068	60.733779	1.007523	0.008936	0.6
528	-0.280785	59.830463	1.018783	0.005502	0.6
529	-0.265898	59.857837	1.018438	0.022519	0.6
530	-0.280522	60.076586	1.015690	0.020806	0.7
531	-0.282471	59.489612	1.023097	0.018065	0.7
532	-0.269921	59.377309	1.024526	0.024844	0.7
533	-0.305469	60.377274	1.011937	0.023438	0.7
534	-0.278827	59.456508	1.023518	0.012937	0.6
535	-0.280254	60.446319	1.011079	0.020955	0.6
536	-0.254321	61.286417	1.000757	0.013665	0.6
537	-0.283399	60.519478	1.010172	0.033036	0.7
538	-0.284445	61.321861	1.000326	0.024670	0.6
539	-0.289660	62.321827	0.988321	0.019157	0.6
540	-0.276990	61.602398	0.996928	0.020820	0.6
541	-0.301829	61.937125	0.992905	0.030467	0.6
542	-0.260549	61.016201	1.004054	0.013966	0.7
543	-0.270322	61.858336	0.993849	0.020911	0.7
544	-0.280724	60.959730	1.004746	0.024615	0.6
545	-0.289243	60.045197	1.016083	0.026863	0.6
546	-0.270682	60.783443	1.006911	0.035310	0.7
547	-0.282515	61.783297	0.994750	0.022324	0.6
548	-0.274549	60.877802	1.005751	0.018351	0.7
549	-0.279709	61.714068	0.995582	0.028705	0.6
550	-0.319523	62.332928	0.988189	0.015602	0.6
551	-0.272860	61.412516	0.999225	0.033187	0.7
552	-0.284228	61.047552	1.003670	0.028647	0.9
553	-0.285831	62.047407	0.991586	0.014995	0.7
554	-0.262749	61.195199	1.001867	0.020346	0.6
555	-0.257490	60.458929	1.010923	0.040060	0.6
556	-0.282390	59.538005	1.022482	0.013883	0.7
557	-0.290594	58.619714	1.034275	0.014404	0.6
558	-0.293440	58.579653	1.034796	0.022885	0.6
559	-0.286518	57.660615	1.046886	0.017970	0.6
560	-0.284295	56.739702	1.059287	0.029076	0.6
561	-0.275424	57.725667	1.046021	0.009982	0.6
562	-0.265245	58.690410	1.033357	0.026032	0.7
563	-0.291744	57.796128	1.045085	0.020106	0.6
564	-0.284779	58.714175	1.033049	0.026964	0.6
565	-0.250787	59.700544	1.020423	0.014291	0.6
566	-0.263927	59.543967	1.022406	0.026208	0.7
567	-0.277042	60.543900	1.009869	0.008549	0.7
568	-0.298160	59.888069	1.018057	0.005941	0.6
569	-0.298223	59.804551	1.019109	0.024007	0.6
570	-0.258809	60.154233	1.014718	0.024915	0.6
571	-0.291827	61.154078	1.002369	0.022179	0.6
572	-0.286014	62.053159	0.991518	0.007406	0.7
573	-0.270526	62.320399	0.988338	0.027451	0.8
574	-0.255807	61.425813	0.999064	0.027526	0.7
575	-0.282402	60.504889	1.010353	0.022844	0.7
576	-0.277575	61.491681	0.998266	0.014110	0.7
577	-0.264353	62.491417	0.986313	0.013493	0.7
578	-0.253790	61.712613	0.995600	0.019029	0.6
579	-0.264169	62.628052	0.984702	0.033841	0.6
580	-0.265118	61.907541	0.993259	0.013048	0.6
581	-0.275249	60.987424	1.004406	0.020019	0.6
582	-0.244036	61.935431	0.992925	0.026963	0.7
583	-0.296877	61.037867	1.003789	0.017676	0.6
584	-0.280145	60.218864	1.013911	0.018023	0.6
585	-0.285376	59.299263	1.025522	0.010334	0.6
586	-0.273252	58.386962	1.037307	0.012084	0.6
587	-0.292028	58.909494	1.030524	0.028522	0.7
588	-0.304884	57.988974	1.042534	0.011263	0.6
589	-0.255913	57.304392	1.051648	0.010882	0.6
590	-0.280484	58.193084	1.039847	0.012937	0.6
591	-0.270119	57.533118	1.048585	0.033412	0.8
592	-0.293740	57.186770	1.053230	0.003112	0.8
593	-0.291306	56.670817	1.060227	0.021813	0.7
594	-0.272106	57.017553	1.055515	0.025054	0.7
595	-0.286855	57.958705	1.042933	0.020218	0.6
596	-0.260939	57.230115	1.052647	0.021371	0.6
597	-0.283225	56.357050	1.064527	0.017821	0.6
598	-0.273224	55.440701	1.077288	0.021066	0.6
599	-0.296345	54.975199	1.083889	0.017341	0.7
600	-0.271713	55.687170	1.073826	0.017853	0.6
601	-0.283420	54.972893	1.083922	0.029052	0.6
602	-0.285681	54.070389	1.096953	0.025783	0.6
603	-0.275706	55.070388	1.082533	0.019026	0.7
604	-0.284531	56.070381	1.068487	0.036345	0.7
605	-0.269908	57.070011	1.054805	0.017097	0.6
606	-0.272855	58.069982	1.041466	0.026469	0.7
607	-0.277132	57.150175	1.053723	0.021917	0.6
608	-0.277410	56.242307	1.066108	0.025836	0.6
609	-0.283806	57.241436	1.052494	0.020516	0.7
610	-0.272933	56.320550	1.065030	0.019337	0.7
611	-0.273447	57.317606	1.051471	0.032114	0.8
612	-0.290125	56.396684	1.063982	0.025285	0.6
613	-0.260848	55.475759	1.076794	0.018039	0.7
614	-0.257127	54.571499	1.089679	0.019061	0.6
615	-0.271677	55.557213	1.075649	0.031573	0.7
616	-0.269402	56.544628	1.061952	0.029959	0.6
617	-0.279116	55.626317	1.074679	0.032749	0.6
618	-0.281720	54.705420	1.087751	0.008801	0.6
619	-0.292601	54.665495	1.088325	0.023966	0.6
620	-0.279773	55.482473	1.076700	0.009438	0.7
621	-0.276981	54.935257	1.084459	0.015388	0.7
622	-0.298950	54.462180	1.091258	0.011768	0.6
623	-0.268522	55.354002	1.078512	0.030622	0.6
624	-0.268273	56.352248	1.064593	0.024485	0.7
625	-0.263270	55.431323	1.077421	0.021129	0.6
626	-0.269398	56.431273	1.063507	0.006460	0.7
627	-0.289869	57.047418	1.055111	0.017099	0.7
628	-0.268613	57.386817	1.050542	0.029906	0.8
629	-0.270336	56.467505	1.063009	0.015770	0.7
630	-0.257339	57.467461	1.049463	0.018757	0.7
631	-0.248992	56.573426	1.061558	0.015022	0.7
632	-0.255321	57.454200	1.049640	0.020742	0.6
633	-0.276019	56.677723	1.060132	0.021066	0.7
634	-0.274454	57.674127	1.046706	0.019858	0.6
635	-0.230029	58.628009	1.034167	0.013978	0.6
636	-0.258492	59.624868	1.021381	0.018760	0.7
637	-0.261678	59.545282	1.022390	0.016968	0.7
638	-0.273721	60.533885	1.009993	0.019404	0.6
639	-0.263964	61.532855	0.997768	0.014227	0.8
640	-0.274669	60.935154	1.005047	0.016388	0.6
641	-0.275108	60.166600	1.014564	0.016029	0.6
642	-0.277680	60.323936	1.012601	0.027001	0.6
643	-0.285047	59.428143	1.023879	0.039817	0.7
644	-0.271283	60.427756	1.011310	0.019078	0.6
645	-0.253348	59.717424	1.020209	0.018383	0.6
646	-0.282063	59.748395	1.019818	0.004577	0.7
647	-0.284158	59.347053	1.024912	0.031352	0.6
648	-0.265947	59.103557	1.028028	0.017742	0.7
649	-0.284667	58.413755	1.036957	0.012748	0.7
650	-0.259830	59.402156	1.024210	0.018638	0.6
651	-0.272737	60.396881	1.011693	0.024333	0.8
652	-0.277111	59.476806	1.023260	0.037693	0.7
653	-0.278258	60.474382	1.010731	0.014679	0.6
654	-0.276059	61.474079	0.998479	0.018900	0.6
655	-0.266573	61.322839	1.000314	0.016045	0.6
656	-0.279676	61.977176	0.992426	0.027879	0.6
657	-0.270431	61.057107	1.003553	0.012398	0.7
658	-0.248432	62.056800	0.991474	0.014974	0.6
659	-0.265178	63.013508	0.980184	0.014376	0.6
660	-0.276382	64.008304	0.968713	0.014271	0.6
661	-0.281093	63.096577	0.979216	0.025316	0.6
662	-0.279709	64.039080	0.968363	0.010238	0.6
663	-0.273204	64.869352	0.959000	0.021787	0.7
664	-0.282846	65.779907	0.948937	0.012206	0.7
665	-0.293061	64.860914	0.959094	0.015036	0.7
666	-0.275844	65.764793	0.949102	0.020477	0.7
667	-0.262173	64.846211	0.959258	0.020760	0.7
668	-0.279399	65.831246	0.948376	0.014027	0.6
669	-0.247504	66.780747	0.938118	0.011618	0.6
670	-0.249184	66.057564	0.945911	0.018794	0.7
671	-0.262229	65.209758	0.955213	0.020303	0.7
672	-0.291269	64.294625	0.965461	0.015023	0.6
673	-0.267565	65.239555	0.954883	0.010953	0.7
674	-0.277441	64.878606	0.958896	0.027771	0.6
675	-0.287450	63.958652	0.969279	0.032762	0.7
676	-0.258498	64.958652	0.958003	0.023439	0.6
677	-0.256646	65.958644	0.946987	0.019578	0.7
678	-0.302137	65.401681	0.953091	0.015969	0.7
679	-0.273563	64.483652	0.963327	0.023164	0.7
680	-0.291868	64.100100	0.967668	0.018873	0.6
681	-0.250930	64.905859	0.958592	0.014354	0.6
682	-0.254511	65.869313	0.947960	0.022723	0.7
683	-0.273269	64.951987	0.958078	0.012401	0.7
684	-0.289598	64.326230	0.965104	0.019400	0.7
685	-0.263851	65.098213	0.956450	0.014738	0.6
686	-0.301813	66.023742	0.946278	0.021221	0.6
687	-0.293853	66.914994	0.936685	0.019275	0.6
688	-0.300177	67.914820	0.926152	0.012085	0.6
689	-0.283631	67.069576	0.935041	0.019788	0.7
690	-0.281157	68.067063	0.924569	0.021080	0.6
691	-0.271037	69.067047	0.914304	0.014585	0.7
692	-0.267883	68.166109	0.923542	0.021945	0.7
693	-0.299075	68.140807	0.923804	0.016600	0.6
694	-0.278364	69.137941	0.913585	0.036720	0.7
695	-0.287916	70.137939	0.903561	0.007841	0.7
696	-0.271000	70.664425	0.898371	0.011020	0.7
697	-0.267309	70.578889	0.899210	0.023922	0.8
698	-0.286737	69.659553	0.908329	0.013058	0.7
699	-0.270613	70.658838	0.898426	0.013928	0.6
700	-0.287234	70.285203	0.902103	0.024076	0.6
701	-0.272807	71.280726	0.892371	0.021120	0.7
702	-0.275105	72.280552	0.882806	0.014602	0.7
703	-0.283075	71.365068	0.891556	0.021488	0.7
704	-0.261429	72.364771	0.882010	0.017063	0.6
705	-0.276489	73.364710	0.872664	0.022797	0.6
706	-0.264868	74.337450	0.863760	0.012556	0.6
707	-0.278624	74.565498	0.861699	0.012889	0.6
708	-0.303569	73.671669	0.869834	0.011164	0.6
709	-0.283559	73.193138	0.874253	0.018680	0.7
710	-0.286082	73.456969	0.871812	0.010970	0.7
711	-0.276314	72.548774	0.880275	0.010283	0.6
712	-0.272256	72.669230	0.879143	0.017885	0.7
713	-0.262754	73.201404	0.874177	0.011602	0.7
714	-0.278364	72.426887	0.881424	0.022198	0.6
715	-0.268526	73.411576	0.872231	0.017100	0.6
716	-0.263061	74.411081	0.863093	0.023376	0.6
717	-0.263494	73.537281	0.871071	0.009460	0.6
718	-0.267046	74.526494	0.862051	0.030689	0.6
719	-0.273760	73.614135	0.870363	0.026232	0.8
720	-0.272030	74.587119	0.861504	0.013916	0.7
721	-0.261494	75.332130	0.854841	0.030388	0.7
722	-0.277060	76.331966	0.846060	0.038688	0.7
723	-0.284314	75.411041	0.854142	0.015832	0.7
724	-0.292648	74.490884	0.862372	0.019771	0.6
725	-0.285737	73.877048	0.867951	0.019124	0.6
726	-0.293364	72.956158	0.876459	0.019626	0.6
727	-0.288842	72.165319	0.883898	0.018135	0.7
728	-0.272794	73.165170	0.874513	0.016741	0.6
729	-0.265190	72.489773	0.880831	0.013226	0.6
730	-0.278747	73.389525	0.872434	0.031613	0.7
731	-0.270991	74.376572	0.863406	0.023183	0.6
732	-0.267632	75.376569	0.854447	0.018661	0.6
733	-0.287706	74.500104	0.862289	0.026557	0.6
734	-0.276516	75.500026	0.853354	0.013450	0.6
735	-0.284346	76.480224	0.844773	0.011986	0.6
736	-0.289029	76.514479	0.844476	0.022785	0.7
737	-0.286299	75.618500	0.852308	0.018455	0.8
738	-0.277496	74.697844	0.860507	0.025238	0.7
739	-0.261318	75.697656	0.851610	0.034091	0.7
740	-0.295518	76.688370	0.842973	0.015204	0.7
741	-0.264684	75.770665	0.850967	0.029902	0.6
742	-0.262568	76.770655	0.842264	0.012405	0.7
743	-0.262341	76.318763	0.846175	0.031507	0.6
744	-0.268932	75.522180	0.853158	0.017561	0.6
745	-0.281040	74.601264	0.861376	0.018807	0.7
746	-0.253589	75.420136	0.854061	0.015582	0.6
747	-0.274614	74.499628	0.862293	0.025902	0.6
748	-0.291672	73.586757	0.870615	0.024141	0.6
749	-0.264501	74.555924	0.861785	0.031177	0.6
750	-0.312792	75.484789	0.853489	0.021109	0.6
751	-0.272387	76.484767	0.844734	0.019247	0.7
752	-0.272691	77.026689	0.840064	0.033961	0.7
753	-0.271002	76.106406	0.848025	0.025201	0.6
754	-0.266023	77.106405	0.839381	0.015177	0.6
755	-0.279801	76.185652	0.847334	0.021002	0.6
756	-0.269014	77.136376	0.839125	0.022366	0.6
757	-0.263799	76.215963	0.847069	0.013643	0.7
758	-0.283293	77.215647	0.838448	0.016258	0.8
759	-0.282261	77.753350	0.833882	0.028659	0.7
760	-0.266918	78.753314	0.825523	0.029754	0.7
761	-0.260476	77.833918	0.833203	0.021434	0.6
762	-0.265938	76.913031	0.841039	0.027942	0.6
763	-0.288431	77.913029	0.832536	0.012032	0.6
764	-0.271391	78.912775	0.824206	0.017202	0.7
765	-0.293176	79.219613	0.821682	0.027173	0.6
766	-0.268513	80.204733	0.813684	0.012860	0.6
767	-0.266901	79.284289	0.821152	0.015696	0.6
768	-0.285304	80.212640	0.813620	0.024192	0.7
769	-0.270198	80.630160	0.810278	0.022857	0.6
770	-0.260019	81.629172	0.802391	0.015479	0.7
771	-0.284717	81.084337	0.806673	0.016102	0.8
772	-0.286082	80.216620	0.813588	0.037670	0.7
773	-0.267722	80.579189	0.810685	0.036347	0.7
774	-0.286493	81.579189	0.802782	0.012929	0.7
775	-0.280092	82.340726	0.796866	0.023012	0.7
776	-0.287567	81.477374	0.803579	0.020046	0.6
777	-0.267214	80.562317	0.810819	0.021608	0.7
778	-0.270499	81.560585	0.802927	0.009591	0.7
779	-0.289178	82.542904	0.795310	0.028377	0.6
780	-0.289694	83.488825	0.788110	0.017286	0.6
781	-0.280919	82.567902	0.795118	0.016874	0.7
782	-0.267575	83.566431	0.787525	0.013309	0.7
783	-0.280824	84.563064	0.780090	0.027481	0.7
784	-0.249268	85.558865	0.772800	0.015325	0.6
785	-0.276297	86.535178	0.765784	0.009654	0.6
786	-0.274532	86.949791	0.762842	0.023676	0.7
787	-0.280328	86.031076	0.769390	0.006681	0.7
788	-0.294652	85.810245	0.770981	0.018491	0.7
789	-0.270402	85.136468	0.775875	0.022315	0.7
790	-0.275737	84.215687	0.782665	0.024450	0.7
791	-0.283149	85.214932	0.775302	0.019765	0.7
792	-0.277191	86.213932	0.768078	0.018901	0.7
793	-0.276987	85.294502	0.774722	0.014947	0.7
794	-0.260915	84.377170	0.781466	0.046292	0.9
795	-0.277651	85.365921	0.774202	0.021743	0.8
796	-0.275908	86.247507	0.767838	0.017802	0.7
797	-0.268426	85.381923	0.774085	0.033292	0.7
798	-0.281844	84.576309	0.779992	0.018360	0.7
799	-0.282746	85.571446	0.772709	0.019989	0.7
800	-0.294922	85.725496	0.771593	0.022822	0.7
801	-0.271044	85.301585	0.774670	0.006669	0.7
802	-0.315682	85.714961	0.771669	0.018320	0.7
803	-0.287498	84.991333	0.776938	0.021701	0.7
804	-0.283483	85.989065	0.769692	0.017359	0.7
805	-0.267105	85.663137	0.772044	0.007127	0.7
806	-0.269198	84.940181	0.777313	0.007448	0.6
807	-0.254067	84.611495	0.779732	0.028626	0.6
808	-0.278553	85.388061	0.774041	0.020005	0.6
809	-0.300432	84.619542	0.779673	0.037226	0.6
810	-0.281285	85.601980	0.772487	0.024642	0.7
811	-0.282112	86.601980	0.765308	0.018015	0.6
812	-0.280006	86.240662	0.767887	0.026209	0.7
813	-0.287356	85.491624	0.773288	0.033424	0.7
814	-0.250664	86.491618	0.766094	0.031436	0.7
815	-0.272714	85.777509	0.771217	0.020399	0.7
816	-0.286617	86.777472	0.764062	0.026899	0.7
817	-0.266613	87.719712	0.757440	0.010140	0.6
818	-0.294296	88.055225	0.755110	0.011682	0.6
819	-0.282482	88.947943	0.748979	0.019557	0.6
820	-0.293510	89.932625	0.742331	0.008518	0.6
821	-0.270743	89.987388	0.741964	0.036912	0.7
822	-0.262203	90.148715	0.740887	0.017967	0.6
823	-0.272666	91.148715	0.734281	0.022452	0.6
824	-0.268480	92.097782	0.728119	0.015587	0.6
825	-0.273303	91.290762	0.733352	0.016024	0.6
826	-0.278814	91.738134	0.730442	0.017514	0.7
827	-0.290180	92.717138	0.724154	0.028092	0.7
828	-0.290748	91.845002	0.729750	0.025749	0.7
829	-0.265512	92.845002	0.723340	0.025374	0.7
830	-0.280790	92.958266	0.722621	0.012518	0.9
831	-0.284777	92.333158	0.726607	0.035910	0.8
832	-0.273990	93.283174	0.720567	0.017498	0.8
833	-0.267326	92.362252	0.726421	0.035807	0.7
834	-0.273590	91.441552	0.732369	0.011392	0.7
835	-0.280484	92.295206	0.726850	0.030813	0.6
836	-0.278719	93.282886	0.720569	0.022704	0.7
837	-0.294060	92.362088	0.726422	0.013500	0.6
838	-0.287103	93.357845	0.720096	0.018425	0.6
839	-0.269071	94.310523	0.714147	0.019460	0.7
840	-0.274068	93.389965	0.719894	0.020716	0.7
841	-0.281767	94.378595	0.713726	0.011186	0.6
842	-0.290116	95.364929	0.707676	0.027594	0.6
843	-0.260353	95.445584	0.707186	0.012775	0.6
844	-0.293640	94.671279	0.711920	0.016853	0.6
845	-0.271219	93.758631	0.717582	0.009632	0.6
846	-0.273921	94.372363	0.713764	0.018783	0.6
847	-0.280317	95.334901	0.707859	0.026389	0.6
848	-0.269414	96.334880	0.701826	0.018778	0.6
849	-0.271247	95.489927	0.706917	0.029131	0.6
850	-0.272754	96.484777	0.700931	0.016350	0.7
851	-0.261730	95.563869	0.706468	0.024166	0.7
852	-0.278232	94.678094	0.711878	0.023400	0.7
853	-0.276795	95.678087	0.705777	0.029701	0.6
854	-0.281501	94.774986	0.711282	0.018862	0.7
855	-0.286211	93.855053	0.716979	0.019979	0.6
856	-0.268035	94.841720	0.710872	0.025723	0.6
857	-0.274407	93.920882	0.716568	0.012813	0.6
858	-0.282468	94.913263	0.710434	0.013891	0.7
859	-0.285135	94.827136	0.710962	0.016689	0.6
860	-0.275716	93.920425	0.716571	0.046463	0.6
861	-0.257673	94.920404	0.710390	0.028568	0.6
862	-0.259750	95.920404	0.704314	0.013413	0.6
863	-0.266675	95.046851	0.709616	0.005063	0.6
864	-0.304075	94.907421	0.710469	0.042194	0.6
865	-0.267032	94.744453	0.711470	0.006126	0.6
866	-0.266053	95.723531	0.705502	0.026509	0.6
867	-0.274177	96.272017	0.702202	0.028926	0.7
868	-0.269025	95.406200	0.707425	0.022646	0.9
869	-0.261149	96.406200	0.701400	0.022858	0.7
870	-0.273352	95.539748	0.706614	0.034713	0.8
871	-0.267545	96.539731	0.700603	0.020416	0.7
872	-0.284566	97.539730	0.694693	0.029531	0.7
873	-0.261756	96.618859	0.700132	0.029375	0.7
874	-0.280499	95.697937	0.705657	0.030014	0.7
875	-0.277238	96.697937	0.699661	0.025845	0.6
876	-0.271632	95.777013	0.705179	0.014066	0.7
877	-0.276478	96.776835	0.699192	0.021277	0.8
878	-0.281168	96.895255	0.698490	0.004452	0.7
879	-0.263430	96.161586	0.702864	0.019679	0.7
880	-0.283235	95.464593	0.707070	0.015778	0.6
881	-0.272722	94.552919	0.712649	0.036189	0.6
882	-0.287556	93.633211	0.718367	0.008670	0.6
883	-0.272684	94.621829	0.712224	0.019218	0.7
884	-0.278214	93.717182	0.717841	0.023885	0.7
885	-0.268991	92.796286	0.723650	0.013725	0.6
886	-0.279526	93.754869	0.717605	0.025123	0.8
887	-0.273092	93.023452	0.722208	0.031088	0.6
888	-0.256297	94.023451	0.715929	0.019874	0.7
889	-0.273705	95.001110	0.709896	0.015817	0.8
890	-0.283395	95.998162	0.703846	0.024352	0.7
891	-0.262079	96.976144	0.698011	0.015620	0.7
892	-0.259970	97.056749	0.697535	0.027651	0.6
893	-0.282593	96.424074	0.701293	0.027767	0.7
894	-0.281073	97.424073	0.695371	0.018351	0.6
895	-0.253645	98.420598	0.689568	0.028161	0.8
896	-0.276701	99.130958	0.685491	0.026079	0.7
897	-0.277152	98.210037	0.690786	0.019257	0.7
898	-0.298743	99.210028	0.685040	0.015129	0.7
899	-0.278507	98.291581	0.690314	0.018314	0.6
900	-0.285562	97.375978	0.695654	0.017022	0.7
901	-0.270833	96.735253	0.699439	0.017362	0.6
902	-0.286786	97.724234	0.693613	0.026008	0.6
903	-0.266185	98.309762	0.690209	0.015226	0.7
904	-0.276760	99.211776	0.685030	0.023411	0.6
905	-0.284722	100.209381	0.679392	0.015857	0.7
906	-0.275702	101.209191	0.673834	0.012815	0.7
907	-0.277273	100.448403	0.678055	0.020460	0.8
908	-0.252692	101.337529	0.673127	0.016713	0.7
909	-0.288971	100.515092	0.677683	0.016827	0.7
910	-0.273326	101.373849	0.672927	0.010933	0.7
911	-0.271514	100.467611	0.677948	0.030455	0.7
912	-0.275660	99.547247	0.683124	0.023475	0.9
913	-0.287057	100.547174	0.677504	0.018339	0.6
914	-0.255036	99.861201	0.681349	0.017884	0.7
915	-0.295214	99.089422	0.685728	0.008606	0.6
916	-0.280921	98.675502	0.688100	0.028334	0.6
917	-0.274649	99.637810	0.682611	0.019557	0.6
918	-0.269650	100.637564	0.677000	0.006494	0.6
919	-0.245483	100.683617	0.676744	0.024218	0.7
920	-0.244425	101.583135	0.671778	0.023854	0.7
921	-0.257737	100.669800	0.676821	0.025598	0.7
922	-0.274732	99.748921	0.681983	0.019324	0.7
923	-0.291714	98.828234	0.687223	0.020612	0.6
924	-0.265292	99.818595	0.681589	0.027784	0.7
925	-0.294193	100.794234	0.676130	0.015558	0.7
926	-0.277765	99.958961	0.680798	0.010917	0.7
927	-0.264324	100.881040	0.675648	0.007875	0.7
928	-0.264719	101.069222	0.674606	0.027459	0.7
929	-0.276204	100.176782	0.679575	0.025512	0.7
930	-0.276872	100.308931	0.678834	0.021160	0.7
931	-0.293015	101.170424	0.674048	0.017210	0.6
932	-0.289042	100.253102	0.679147	0.017590	0.6
933	-0.250658	99.721382	0.682138	0.014042	0.6
934	-0.284320	99.688232	0.682326	0.014389	0.6
935	-0.265678	99.206887	0.685058	0.025264	0.7
936	-0.268691	98.690587	0.688013	0.023920	0.6
937	-0.256013	99.690577	0.682312	0.016751	0.7
938	-0.271882	98.769988	0.687557	0.016633	0.6
939	-0.270141	99.594933	0.682854	0.017187	0.7
940	-0.269604	100.579630	0.677323	0.030234	0.6
941	-0.276864	101.579629	0.671797	0.023380	0.6
942	-0.292340	102.543943	0.666554	0.009668	0.7
943	-0.266974	103.401270	0.661960	0.022127	0.7
944	-0.256752	102.505532	0.666761	0.014399	0.7
945	-0.281095	103.504850	0.661409	0.010669	0.6
946	-0.260409	102.621068	0.666138	0.029778	0.6
947	-0.268542	101.703592	0.671119	0.013924	0.6
948	-0.294233	102.700099	0.665712	0.027860	0.7
949	-0.260111	101.789887	0.670647	0.014369	0.8
950	-0.252457	102.668806	0.665881	0.013947	0.6
951	-0.269910	103.564486	0.661093	0.019180	0.6
952	-0.279998	102.825395	0.665039	0.022095	0.6
953	-0.268047	103.086902	0.663637	0.020053	0.6
954	-0.277279	103.814665	0.659768	0.015227	0.6
955	-0.272925	104.811630	0.654539	0.026133	0.6
956	-0.263940	103.906800	0.659281	0.008564	0.6
957	-0.279363	104.741259	0.654906	0.029418	0.6
958	-0.284373	103.823852	0.659719	0.019135	0.6
959	-0.264350	102.902930	0.664622	0.015311	0.6
960	-0.285194	103.902165	0.659305	0.017519	0.6
961	-0.289594	103.061236	0.663774	0.021554	0.7
962	-0.263800	102.713475	0.665640	0.020210	0.7
963	-0.287864	101.796205	0.670613	0.011159	0.7
964	-0.254292	101.248713	0.673616	0.024608	0.7
965	-0.262693	100.338461	0.678669	0.024860	0.6
966	-0.290593	101.338459	0.673122	0.044215	0.6
967	-0.286936	100.418559	0.678221	0.029057	0.7
968	-0.265034	101.401731	0.672774	0.023321	0.7
969	-0.261358	100.644869	0.676960	0.015572	0.7
970	-0.259029	101.644723	0.671441	0.034025	0.6
971	-0.276012	100.872047	0.675698	0.022391	0.6
972	-0.273473	99.951653	0.680840	0.021115	0.6
973	-0.266167	99.030742	0.686063	0.009394	0.6
974	-0.287493	100.020748	0.680451	0.024846	0.6
975	-0.302282	100.990528	0.675042	0.021379	0.6
976	-0.279140	101.811747	0.670528	0.016379	0.6
977	-0.268735	102.811506	0.665113	0.012928	0.6
978	-0.293471	101.908030	0.670002	0.004807	0.6
979	-0.242295	101.564179	0.671882	0.018996	0.6
980	-0.294933	102.296945	0.667889	0.026557	0.7
981	-0.276745	101.376852	0.672911	0.026495	0.6
982	-0.252901	100.499969	0.677767	0.033861	0.6
983	-0.276468	101.483433	0.672325	0.021302	0.7
984	-0.287143	100.562514	0.677418	0.014164	0.8
985	-0.310769	101.557740	0.671917	0.019173	0.7
986	-0.276338	102.543008	0.666559	0.018418	0.7
987	-0.270936	101.622372	0.671563	0.010519	0.7
988	-0.289929	102.084732	0.669041	0.027143	0.7
989	-0.279787	102.722675	0.665591	0.019086	0.7
990	-0.263219	101.818007	0.670493	0.036999	0.6
991	-0.255291	102.816288	0.665088	0.022984	0.6
992	-0.266782	103.816208	0.659759	0.024069	0.6
993	-0.272122	102.897938	0.664649	0.021144	0.7
994	-0.289094	101.977109	0.669626	0.016627	0.6
995	-0.286785	102.962152	0.664305	0.024222	0.6
996	-0.272576	103.626688	0.660763	0.026082	0.6
997	-0.274437	104.626668	0.655503	0.015294	0.7
998	-0.303991	105.367092	0.651662	0.032125	0.6
999	-0.282083	106.366361	0.646550	0.027433	0.7
