1:ItNr	2:Metric	3a:Time	3b:StepSize	4:||Gradient||	Time[ms]
0	-0.533596	0.000000	19.839289	0.009751	79.3
1	-0.545481	0.000000	19.839289	0.008446	0.7
2	-0.514151	1.000000	18.937503	0.004273	0.6
3	-0.539541	0.481807	19.394321	0.011028	0.6
4	-0.531690	0.063449	19.779527	0.008287	0.6
5	-0.517985	0.000000	19.839289	0.016148	0.6
6	-0.557636	0.999575	18.937869	0.007155	0.6
7	-0.539617	1.999573	18.114469	0.007337	0.6
8	-0.543308	2.993948	17.363756	0.008037	0.6
9	-0.565538	3.977360	16.680108	0.015547	0.9
10	-0.558104	3.441413	17.045866	0.009662	0.7
11	-0.526491	4.441413	16.375862	0.013278	0.6
12	-0.541697	3.905468	16.728257	0.007789	0.6
13	-0.533713	4.598735	16.275221	0.003553	0.6
14	-0.529243	4.276648	16.482607	0.007237	0.6
15	-0.495670	4.637301	16.250738	0.008856	0.6
16	-0.524061	4.251713	16.498883	0.006272	0.7
17	-0.517527	4.564181	16.297219	0.007760	0.7
18	-0.548349	5.385190	15.790110	0.013734	0.6
19	-0.549374	6.247802	15.290227	0.007468	0.6
20	-0.516721	7.247720	14.748980	0.005075	0.6
21	-0.526295	6.713632	15.033218	0.010102	0.7
22	-0.539671	7.712943	14.510009	0.005873	0.7
23	-0.566099	7.189474	14.779455	0.004692	0.7
24	-0.542997	8.125517	14.304469	0.010801	0.6
25	-0.537318	7.589862	14.572476	0.002250	0.6
26	-0.529942	7.436172	14.651236	0.013856	0.6
27	-0.529209	6.938374	14.912288	0.007095	0.6
28	-0.539574	7.913856	14.409184	0.011608	0.7
29	-0.548584	7.378379	14.681073	0.012062	0.6
30	-0.514663	6.844900	14.962347	0.010924	0.6
31	-0.539610	7.844900	14.443630	0.008614	0.6
32	-0.529885	8.844897	13.959675	0.008928	0.6
33	-0.513541	9.844895	13.507099	0.009590	0.6
34	-0.530181	9.308974	13.745931	0.017995	0.6
35	-0.497797	10.308974	13.306890	0.009496	0.6
36	-0.564876	11.308956	12.895033	0.009510	0.6
37	-0.518944	12.308536	12.508057	0.013779	0.6
38	-0.524342	13.308536	12.143481	0.013386	0.6
39	-0.537202	12.772588	12.336190	0.012194	0.6
40	-0.510079	12.236644	12.535112	0.011100	0.6
41	-0.537067	13.236644	12.168981	0.011655	0.6
42	-0.514219	14.236642	11.823631	0.004275	0.7
43	-0.547284	13.825145	11.963340	0.006251	0.7
44	-0.535684	14.362336	11.781605	0.005255	0.6
45	-0.531179	13.859229	11.951643	0.006816	0.6
46	-0.535485	14.322176	11.795000	0.010768	0.6
47	-0.559764	13.786236	11.976722	0.011311	0.6
48	-0.536283	14.786236	11.642048	0.007687	0.7
49	-0.551686	14.860943	11.617794	0.012774	0.7
50	-0.495842	14.324995	11.794059	0.012666	0.6
51	-0.518983	15.324995	11.469377	0.006612	0.6
52	-0.544732	14.789056	11.641130	0.004572	0.6
53	-0.493528	14.255543	11.817292	0.005719	0.6
54	-0.551191	15.092699	11.543195	0.010697	0.6
55	-0.531218	15.920938	11.284249	0.005787	0.6
56	-0.546482	16.860355	11.004257	0.006802	0.6
57	-0.520567	16.382086	11.145046	0.011835	0.6
58	-0.531920	15.859909	11.302933	0.011350	0.6
59	-0.525595	16.859810	11.004415	0.005321	0.6
60	-0.554398	16.613683	11.076423	0.011131	0.6
61	-0.541779	17.613430	10.789641	0.010800	0.6
62	-0.528826	18.613430	10.517268	0.010919	0.6
63	-0.530672	18.152187	10.641170	0.006568	0.7
64	-0.543290	17.632139	10.784416	0.003734	0.7
65	-0.532098	17.832665	10.728727	0.002834	0.7
66	-0.528742	18.170281	10.636254	0.010971	0.6
67	-0.572147	19.089522	10.392368	0.005646	0.6
68	-0.546702	20.088859	10.139611	0.012677	0.7
69	-0.572571	19.552912	10.273616	0.012143	0.6
70	-0.555920	19.064762	10.398790	0.005446	0.6
71	-0.540740	20.055242	10.147914	0.010832	0.6
72	-0.526144	19.524081	10.280926	0.005050	0.6
73	-0.545020	18.988177	10.418706	0.006960	0.6
74	-0.556527	18.894312	10.443220	0.010219	0.6
75	-0.479994	18.373950	10.581236	0.004830	0.6
76	-0.555227	17.840641	10.726524	0.007312	0.6
77	-0.521689	17.371492	10.857672	0.007387	0.6
78	-0.531125	18.344785	10.589080	0.009968	0.6
79	-0.530094	19.344754	10.326623	0.006934	0.6
80	-0.536619	18.837800	10.458034	0.003919	0.6
81	-0.526679	18.496864	10.548307	0.009594	0.7
82	-0.531648	17.987121	10.686223	0.011018	0.6
83	-0.507144	18.986713	10.419087	0.009009	0.7
84	-0.518259	19.985596	10.165158	0.014083	0.7
85	-0.556131	20.487393	10.042209	0.011144	0.7
86	-0.529971	19.951445	10.173635	0.008391	0.7
87	-0.524248	20.951444	9.931126	0.009299	0.7
88	-0.525144	21.950426	9.700138	0.009890	0.6
89	-0.549854	21.414915	9.822608	0.012527	0.7
90	-0.510120	22.414915	9.596358	0.006558	0.6
91	-0.541938	23.414889	9.380302	0.007854	0.6
92	-0.538487	23.493125	9.363808	0.009820	0.6
93	-0.547103	24.459303	9.164792	0.006174	0.6
94	-0.509302	23.954729	9.267658	0.008964	0.6
95	-0.541702	24.951314	9.066663	0.008899	0.7
96	-0.538615	24.427633	9.171181	0.008349	0.6
97	-0.528781	25.415218	8.976045	0.005290	0.6
98	-0.551284	26.392798	8.790894	0.007183	0.6
99	-0.547148	27.318848	8.622413	0.010694	0.6
100	-0.510189	28.316655	8.447959	0.014118	0.7
101	-0.548553	27.783808	8.540233	0.007650	0.6
102	-0.554503	28.773860	8.370359	0.006329	0.6
103	-0.544732	28.326231	8.446319	0.011130	0.6
104	-0.532533	29.252724	8.290597	0.004990	0.7
105	-0.493319	30.202788	8.136765	0.004337	0.7
106	-0.511458	29.868019	8.190314	0.006497	0.7
107	-0.539542	29.826723	8.196969	0.009075	0.7
108	-0.549877	30.625590	8.070127	0.009318	0.6
109	-0.524839	31.024520	8.008244	0.007019	0.6
110	-0.519530	30.488603	8.091598	0.005532	0.6
111	-0.524282	30.059514	8.159597	0.012129	0.7
112	-0.511997	29.558265	8.240494	0.005149	0.6
113	-0.565636	29.790677	8.202786	0.007816	0.6
114	-0.538946	29.827602	8.196827	0.006976	0.6
115	-0.528311	30.827523	8.038684	0.008200	0.6
116	-0.509009	31.825891	7.886759	0.007330	0.6
117	-0.550685	31.289990	7.967587	0.010494	0.6
118	-0.523847	30.754076	8.050092	0.012570	0.7
119	-0.531641	31.754076	7.897495	0.011595	0.7
120	-0.553886	32.752501	7.750803	0.006305	0.7
121	-0.539937	33.752459	7.609248	0.009419	0.6
122	-0.520446	34.344473	7.527853	0.002551	0.6
123	-0.526960	34.767361	7.470769	0.003830	0.6
124	-0.539983	35.374391	7.390325	0.015426	0.7
125	-0.523002	34.859074	7.458503	0.006808	0.8
126	-0.539921	35.859074	7.327328	0.006422	0.6
127	-0.513582	36.842802	7.202712	0.010121	0.7
128	-0.537807	37.842530	7.080339	0.005410	0.6
129	-0.547092	37.309286	7.145089	0.008827	0.6
130	-0.540853	37.677515	7.100251	0.004970	0.6
131	-0.535911	38.566419	6.994294	0.005196	0.6
132	-0.533334	38.141497	7.044547	0.007184	0.7
133	-0.527490	39.101787	6.931991	0.009947	0.6
134	-0.505072	38.568268	6.994077	0.006620	0.6
135	-0.536769	39.568152	6.878616	0.006356	0.6
136	-0.538745	40.541542	6.769818	0.002862	0.6
137	-0.529581	40.476513	6.776979	0.007995	0.7
138	-0.495088	40.994299	6.720377	0.006310	0.6
139	-0.523165	40.465541	6.778189	0.008057	0.6
140	-0.557074	39.929776	6.837791	0.015316	0.6
141	-0.515623	39.393828	6.898471	0.009698	0.6
142	-0.484065	38.857881	6.960237	0.004471	0.6
143	-0.519988	39.855783	6.846105	0.007102	0.6
144	-0.529085	39.991031	6.830923	0.007979	0.6
145	-0.508282	39.512776	6.884911	0.008195	0.6
146	-0.530010	40.512769	6.772985	0.013598	0.8
147	-0.519672	40.175179	6.810361	0.011948	0.7
148	-0.545601	39.639231	6.870553	0.006905	0.8
149	-0.557422	39.199197	6.920774	0.006821	0.6
150	-0.561784	40.188232	6.808908	0.011202	0.6
151	-0.578129	39.665420	6.867587	0.010246	0.8
152	-0.545489	39.339229	6.904713	0.005085	0.6
153	-0.515090	39.240758	6.916000	0.008375	0.6
154	-0.545849	38.708162	6.977690	0.006330	0.6
155	-0.526418	38.611823	6.988967	0.003896	0.7
156	-0.521373	39.526024	6.883404	0.009899	0.7
157	-0.542120	39.006931	6.942949	0.004889	0.6
158	-0.554023	38.837179	6.962646	0.007992	0.6
159	-0.550547	38.304415	7.025195	0.008314	0.6
160	-0.513368	39.296778	6.909574	0.008056	0.6
161	-0.529116	40.247465	6.802323	0.008748	0.6
162	-0.545437	39.802964	6.852052	0.006945	0.7
163	-0.549700	40.772988	6.744454	0.013605	0.6
164	-0.534502	40.273905	6.799388	0.009481	0.6
165	-0.561721	39.738070	6.859373	0.012386	0.6
166	-0.522907	40.738070	6.748268	0.007685	0.9
167	-0.506961	40.248572	6.802200	0.007299	0.7
168	-0.530999	39.733097	6.859934	0.007673	0.6
169	-0.519587	39.197258	6.920997	0.013644	0.6
170	-0.547960	38.661315	6.983169	0.011873	0.6
171	-0.546534	38.125367	7.046469	0.004374	0.6
172	-0.546950	38.162254	7.042076	0.010357	0.6
173	-0.550640	39.037797	6.939380	0.014363	0.6
174	-0.532210	38.501862	7.001883	0.008330	0.6
175	-0.547806	39.361604	6.902154	0.007918	0.6
176	-0.512968	38.825862	6.963963	0.006975	0.6
177	-0.497012	38.290550	7.026838	0.010209	0.6
178	-0.535491	38.019460	7.059113	0.009791	0.6
179	-0.507258	39.019086	6.941543	0.006941	0.6
180	-0.518845	40.015829	6.828147	0.007626	0.6
181	-0.556935	39.533919	6.882506	0.008311	0.6
182	-0.514803	38.998853	6.943884	0.009443	0.6
183	-0.538792	38.477574	7.004742	0.008989	0.6
184	-0.518425	39.470392	6.889736	0.003111	0.6
185	-0.518917	40.344951	6.791514	0.005887	0.6
186	-0.542320	39.894880	6.841709	0.008493	0.7
187	-0.499722	39.367908	6.901433	0.010857	0.8
188	-0.513936	40.283500	6.798324	0.013319	0.8
189	-0.527078	41.283500	6.689172	0.010184	0.7
190	-0.495227	40.747553	6.747232	0.007665	0.7
191	-0.516275	41.746720	6.639790	0.005811	0.6
192	-0.490690	41.211543	6.696909	0.007110	0.6
193	-0.523957	42.208110	6.591323	0.008174	0.6
194	-0.553897	43.208063	6.488672	0.012311	0.6
195	-0.538490	42.675692	6.542922	0.009289	0.7
196	-0.527996	43.675692	6.441757	0.009474	0.6
197	-0.517893	43.139745	6.495583	0.006866	0.6
198	-0.502308	44.038778	6.405795	0.009388	0.6
199	-0.528420	45.035724	6.309086	0.007056	0.6
200	-0.561770	44.508767	6.359837	0.009635	0.6
201	-0.521915	45.370856	6.277229	0.010362	0.6
202	-0.539651	46.370752	6.184064	0.009246	0.6
203	-0.504354	47.370649	6.093625	0.009374	0.7
204	-0.540368	48.370559	6.005791	0.016687	0.7
205	-0.512382	47.836256	6.052407	0.010809	0.9
206	-0.518497	48.836256	5.965742	0.003849	0.7
207	-0.528042	48.312036	6.010862	0.012049	0.7
208	-0.487963	47.781131	6.057258	0.013389	0.6
209	-0.561810	48.780835	5.970480	0.014599	0.6
210	-0.524913	49.780835	5.886128	0.006765	0.6
211	-0.498851	49.244977	5.931030	0.005457	0.7
212	-0.571250	48.710406	5.976512	0.011483	0.6
213	-0.543832	48.175801	6.022700	0.009737	0.6
214	-0.546634	49.175796	5.936877	0.009529	0.7
215	-0.526148	48.639848	5.982567	0.005074	0.7
216	-0.511748	48.106833	6.028710	0.010241	0.6
217	-0.521755	48.428676	6.000763	0.008973	0.6
218	-0.543052	49.423269	5.916014	0.008751	0.6
219	-0.539316	48.888303	5.961299	0.009716	0.6
220	-0.506341	48.362662	6.006474	0.002636	0.6
221	-0.561204	48.320553	6.010123	0.006230	0.6
222	-0.549815	47.905158	6.046355	0.011491	0.6
223	-0.568960	47.370245	6.093661	0.006113	0.6
224	-0.536709	46.840463	6.141247	0.018593	0.7
225	-0.522890	46.304606	6.190142	0.009392	0.7
226	-0.561573	45.769143	6.239784	0.006729	0.7
227	-0.530886	46.768632	6.147757	0.003028	0.7
228	-0.540811	46.844750	6.140859	0.010208	0.7
229	-0.563131	46.310502	6.189600	0.011596	0.7
230	-0.578936	45.774588	6.239276	0.011021	0.6
231	-0.521391	46.774587	6.147217	0.009960	0.6
232	-0.542318	47.774587	6.057834	0.011377	0.6
233	-0.563352	48.004956	6.037611	0.013452	0.6
234	-0.502988	47.778480	6.057492	0.009097	0.6
235	-0.545211	47.242533	6.105064	0.011972	0.7
236	-0.545281	48.242384	6.016908	0.012156	0.6
237	-0.548627	49.242377	5.931249	0.013591	0.6
238	-0.543270	48.706445	5.976851	0.007152	0.6
239	-0.524274	49.419506	5.916330	0.005049	0.6
240	-0.506991	50.396212	5.835394	0.017103	0.6
241	-0.528712	49.860265	5.879530	0.008718	0.7
242	-0.493029	49.324345	5.924336	0.007128	0.6
243	-0.549320	48.816278	5.967449	0.007717	0.8
244	-0.525386	48.298193	6.012062	0.015187	0.7
245	-0.526429	49.298038	5.926553	0.004909	0.7
246	-0.546807	48.762108	5.972082	0.007946	0.7
247	-0.539760	49.447376	5.913990	0.009566	0.6
248	-0.530375	50.391504	5.835779	0.011009	0.6
249	-0.545305	49.855773	5.879903	0.007662	0.7
250	-0.538995	49.451180	5.913670	0.008354	0.7
251	-0.531838	49.021821	5.949932	0.009855	0.7
252	-0.527432	50.021819	5.866156	0.008565	0.7
253	-0.550226	50.998800	5.786556	0.006738	0.7
254	-0.534655	51.798057	5.723025	0.008025	0.7
255	-0.562746	51.262434	5.765445	0.008495	0.6
256	-0.528262	51.372614	5.756667	0.009630	0.6
257	-0.522547	52.364333	5.678850	0.011931	0.6
258	-0.514625	52.842576	5.642071	0.003329	0.6
259	-0.545231	53.567434	5.587225	0.005257	0.6
260	-0.544671	54.118901	5.546208	0.004766	0.6
261	-0.549958	53.727798	5.575235	0.009291	0.6
262	-0.546052	53.446298	5.596317	0.011444	0.7
263	-0.548698	52.910393	5.636894	0.005901	0.7
264	-0.509913	52.380432	5.677604	0.010213	0.8
265	-0.520286	52.451200	5.672134	0.005697	0.8
266	-0.518851	51.915264	5.713825	0.007409	0.6
267	-0.513607	52.732736	5.650476	0.008747	0.8
268	-0.505464	52.201644	5.691471	0.005854	0.6
269	-0.524659	53.177702	5.616581	0.007897	0.7
270	-0.530855	52.688376	5.653878	0.010807	0.7
271	-0.515326	53.686876	5.578290	0.017302	0.7
272	-0.542703	53.207289	5.614341	0.004730	0.7
273	-0.514198	54.207151	5.539700	0.007852	0.7
274	-0.533830	53.824066	5.568062	0.009290	0.7
275	-0.508904	54.823760	5.494651	0.006351	0.7
276	-0.537260	55.804945	5.424456	0.008764	0.6
277	-0.495880	55.269208	5.462559	0.009037	0.7
278	-0.528424	55.944021	5.414652	0.005586	0.6
279	-0.518917	55.418102	5.451916	0.009507	0.7
280	-0.544427	56.401547	5.382645	0.008930	0.7
281	-0.547343	57.396880	5.314307	0.007728	0.8
282	-0.511623	58.382024	5.248355	0.010875	0.7
283	-0.516896	59.215152	5.193845	0.013221	0.7
284	-0.583798	60.214914	5.129908	0.011699	0.7
285	-0.538849	59.678967	5.163986	0.012478	0.7
286	-0.529845	59.722582	5.161196	0.008810	0.6
287	-0.573071	60.665906	5.101579	0.009581	0.6
288	-0.493192	61.665738	5.039876	0.007587	0.6
289	-0.538169	61.165742	5.070545	0.007287	0.7
290	-0.547692	60.639336	5.103239	0.017795	0.8
291	-0.549910	60.170120	5.132739	0.007986	0.7
292	-0.487280	61.170120	5.070274	0.010534	0.7
293	-0.546885	62.170096	5.009313	0.005766	0.6
294	-0.572421	63.076107	4.955332	0.004168	0.6
295	-0.539978	62.827403	4.970034	0.007732	0.7
296	-0.548876	63.287655	4.942895	0.005839	0.6
297	-0.497058	62.870847	4.967460	0.009032	0.6
298	-0.552018	63.852601	4.909986	0.004383	0.6
299	-0.546573	63.325809	4.940659	0.011300	0.6
300	-0.539321	64.320194	4.883077	0.010239	0.8
301	-0.533741	65.320141	4.826510	0.005582	0.9
302	-0.503555	66.309677	4.771809	0.006209	0.7
303	-0.529137	66.697890	4.750685	0.008549	0.6
304	-0.567247	67.694089	4.697326	0.012553	0.6
305	-0.519617	68.252762	4.667923	0.010780	0.7
306	-0.523879	67.716819	4.696123	0.013760	0.8
307	-0.547176	67.180875	4.724665	0.008369	0.7
308	-0.542033	68.180875	4.671686	0.006754	0.8
309	-0.525134	69.157527	4.621079	0.005861	0.9
310	-0.559910	68.710007	4.644131	0.004600	0.8
311	-0.522645	69.335008	4.612000	0.007255	0.8
312	-0.510041	68.803353	4.639304	0.005213	0.6
313	-0.568013	69.737057	4.591565	0.007416	0.8
314	-0.537724	69.215572	4.618106	0.014217	0.7
315	-0.540363	69.085806	4.624758	0.007093	0.7
316	-0.542238	70.085740	4.573988	0.003533	0.8
317	-0.564308	70.993635	4.528847	0.013160	0.7
318	-0.488927	71.933013	4.483068	0.006026	0.6
319	-0.517077	72.933010	4.435342	0.005533	0.8
320	-0.525558	72.980847	4.433085	0.006599	0.7
321	-0.538343	72.514222	4.455205	0.009765	0.6
322	-0.515581	71.979009	4.480851	0.006114	0.6
323	-0.549658	71.486935	4.504691	0.007793	0.7
324	-0.541483	71.131185	4.522085	0.013333	0.7
325	-0.542789	70.595240	4.548545	0.010559	0.6
326	-0.577921	71.595240	4.499422	0.010888	0.6
327	-0.532511	72.523361	4.454770	0.007853	0.6
328	-0.521021	71.987416	4.480446	0.011661	0.7
329	-0.545158	71.459308	4.506037	0.010107	0.7
330	-0.505897	70.926591	4.532150	0.007346	0.7
331	-0.543452	71.926380	4.483388	0.007976	0.6
332	-0.560651	72.912341	4.436319	0.006898	0.7
333	-0.533629	72.450854	4.458226	0.012995	0.6
334	-0.520771	71.918361	4.483775	0.008867	0.6
335	-0.490725	72.918318	4.436036	0.004206	0.7
336	-0.512550	72.878734	4.437907	0.008683	0.7
337	-0.538643	73.621764	4.403057	0.007916	0.6
338	-0.556272	74.621492	4.357023	0.006609	0.6
339	-0.532585	74.089231	4.381412	0.014748	0.6
340	-0.521436	73.553301	4.406246	0.009280	0.6
341	-0.546368	73.017367	4.431363	0.011604	0.7
342	-0.513883	74.017366	4.384725	0.015321	0.6
343	-0.525934	75.017366	4.339059	0.004450	0.6
344	-0.533961	75.828740	4.302700	0.009712	0.6
345	-0.557125	75.299240	4.326359	0.011503	0.7
346	-0.550756	76.298901	4.281909	0.012552	0.6
347	-0.557908	77.298901	4.238349	0.005051	0.6
348	-0.504906	76.763363	4.261566	0.007377	0.6
349	-0.546924	77.705380	4.220895	0.005463	0.7
350	-0.560876	78.227916	4.198668	0.008425	0.7
351	-0.517495	77.692414	4.221450	0.015642	0.7
352	-0.538543	78.654444	4.180697	0.005333	0.6
353	-0.526889	78.183995	4.200527	0.007118	0.6
354	-0.532807	79.140103	4.160422	0.006562	0.6
355	-0.547519	80.122341	4.120010	0.008482	0.6
356	-0.539373	79.587214	4.141929	0.006979	0.6
357	-0.550113	79.062839	4.163634	0.007818	0.7
358	-0.550750	80.062337	4.122456	0.010428	0.6
359	-0.543834	79.526391	4.144435	0.009710	0.7
360	-0.503532	78.990444	4.166649	0.005680	0.7
361	-0.542945	78.616493	4.182290	0.003998	0.6
362	-0.524679	78.414554	4.190785	0.006405	0.6
363	-0.520907	79.369553	4.150911	0.005998	0.6
364	-0.489965	80.065766	4.122316	0.007383	0.6
365	-0.541623	81.062917	4.082041	0.006914	0.6
366	-0.532775	82.028161	4.043798	0.002183	0.6
367	-0.511675	81.639175	4.059123	0.010693	0.6
368	-0.560123	81.986063	4.045451	0.010394	0.6
369	-0.512262	81.450141	4.066613	0.010959	0.6
370	-0.517865	82.404358	4.029086	0.005890	0.6
371	-0.503667	83.399536	3.990679	0.007827	0.6
372	-0.534390	83.876973	3.972512	0.005186	0.7
373	-0.558498	83.478918	3.987647	0.008952	0.7
374	-0.538979	84.477590	3.949892	0.013557	0.7
375	-0.509094	83.979748	3.968623	0.005039	0.8
376	-0.535558	84.979501	3.931185	0.006858	0.7
377	-0.513021	85.971826	3.894718	0.009039	0.6
378	-0.534930	85.436244	3.914316	0.007315	0.7
379	-0.540570	86.435026	3.877926	0.014438	0.6
380	-0.551104	85.899078	3.897368	0.011777	0.6
381	-0.518427	86.899071	3.861248	0.008017	0.6
382	-0.508592	87.899070	3.825791	0.003334	0.6
383	-0.521616	88.283308	3.812339	0.008055	0.6
384	-0.560666	87.766279	3.830462	0.017930	0.6
385	-0.555839	87.230331	3.849430	0.006755	0.6
386	-0.529220	88.230331	3.814188	0.008898	0.6
387	-0.545953	87.806336	3.829051	0.012258	0.6
388	-0.526557	88.806336	3.794181	0.007984	0.6
389	-0.510609	89.806334	3.759939	0.014473	0.6
390	-0.518510	89.270390	3.778213	0.009360	0.6
391	-0.540089	88.734444	3.796666	0.006693	0.6
392	-0.542992	88.786014	3.794883	0.006806	0.6
393	-0.562495	88.565256	3.802529	0.006998	0.6
394	-0.542750	88.033119	3.821087	0.015009	0.6
395	-0.513370	89.032878	3.786369	0.004135	0.6
396	-0.527837	90.032255	3.752289	0.008633	0.6
397	-0.524165	91.028413	3.718923	0.003026	0.6
398	-0.542553	90.500998	3.736514	0.012099	0.6
399	-0.550412	91.402232	3.706555	0.017257	0.6
400	-0.526304	92.401575	3.673891	0.013919	0.6
401	-0.526563	92.002456	3.686867	0.007022	0.6
402	-0.556019	91.467343	3.704409	0.007709	0.6
403	-0.550428	90.933565	3.722074	0.009807	0.6
404	-0.537589	91.913623	3.689768	0.010898	0.6
405	-0.516172	92.893591	3.658020	0.011245	0.6
406	-0.558385	93.029833	3.653650	0.003742	0.6
407	-0.547505	93.000714	3.654583	0.006273	0.7
408	-0.537073	93.649837	3.633891	0.005424	0.6
409	-0.547685	94.050551	3.621235	0.007993	0.6
410	-0.513388	93.515822	3.638144	0.004776	0.6
411	-0.522164	93.565911	3.636553	0.015432	0.6
412	-0.526137	93.151768	3.649747	0.008292	0.5
413	-0.515316	94.151600	3.618057	0.010506	0.7
414	-0.554808	93.615713	3.634973	0.003017	0.7
415	-0.514939	93.082879	3.651951	0.011241	0.6
416	-0.545342	92.552386	3.669012	0.005896	0.6
417	-0.547937	93.552248	3.636987	0.006481	0.7
418	-0.516513	93.024468	3.653822	0.003488	0.6
419	-0.564128	93.959906	3.624090	0.007048	0.6
420	-0.539522	94.918664	3.594115	0.012728	0.6
421	-0.526524	94.383474	3.610786	0.009087	0.6
422	-0.519153	94.988489	3.591952	0.004949	0.6
423	-0.530967	95.988076	3.561261	0.008346	0.6
424	-0.543509	96.308965	3.551519	0.013270	0.6
425	-0.512359	96.921914	3.533059	0.011922	0.6
426	-0.532283	96.385987	3.549189	0.010318	0.6
427	-0.526021	97.383475	3.519284	0.005656	0.6
428	-0.524654	96.847563	3.535288	0.008186	0.6
429	-0.508210	97.840190	3.505759	0.012558	0.6
430	-0.525951	98.840189	3.476505	0.011169	0.6
431	-0.511860	99.840181	3.447736	0.009354	0.6
432	-0.516515	100.839760	3.419451	0.015824	0.6
433	-0.529103	101.839708	3.391616	0.009156	0.6
434	-0.539055	101.306979	3.406388	0.007310	0.6
435	-0.534811	102.304835	3.378822	0.010263	0.6
436	-0.547168	103.303474	3.351677	0.007596	0.6
437	-0.503552	104.297842	3.325078	0.006366	0.7
438	-0.528940	105.267662	3.299539	0.009192	0.7
439	-0.566949	106.256441	3.273902	0.015334	0.6
440	-0.523835	107.256441	3.248375	0.014328	0.6
441	-0.514624	108.256441	3.223244	0.011969	0.6
442	-0.531256	107.720533	3.236664	0.005470	0.6
443	-0.510929	108.720522	3.211713	0.008578	0.6
444	-0.528205	109.718953	3.187182	0.003409	0.6
445	-0.537965	110.481751	3.168691	0.005078	0.6
446	-0.519903	110.076685	3.178483	0.008163	0.6
447	-0.522964	110.334895	3.172234	0.010262	0.6
448	-0.517273	111.326372	3.148466	0.011164	0.6
449	-0.511440	110.790433	3.161269	0.005548	0.6
450	-0.518255	110.325335	3.172465	0.013034	0.6
451	-0.564230	111.325264	3.148492	0.007145	0.6
452	-0.520535	110.789523	3.161291	0.005408	0.6
453	-0.521304	110.255692	3.174149	0.003096	0.6
454	-0.518714	110.564435	3.166700	0.007810	0.6
455	-0.535184	110.036868	3.179449	0.007939	0.6
456	-0.508621	111.029405	3.155548	0.004302	0.6
457	-0.530204	111.479179	3.144834	0.003646	0.6
458	-0.544718	111.518275	3.143906	0.007134	0.7
459	-0.546203	110.993196	3.156413	0.011511	0.7
460	-0.528104	110.457250	3.169282	0.006739	0.7
461	-0.517806	111.457198	3.145356	0.007686	0.6
462	-0.526432	112.456898	3.121795	0.007112	0.7
463	-0.480711	113.443054	3.098896	0.004013	0.6
464	-0.529883	112.994413	3.109272	0.009212	0.6
465	-0.539925	112.496724	3.120864	0.006766	0.6
466	-0.507818	111.961063	3.133437	0.009869	0.6
467	-0.535741	111.429458	3.146015	0.006747	0.6
468	-0.549121	110.911900	3.158358	0.012750	0.6
469	-0.502901	111.911854	3.134597	0.014956	0.6
470	-0.527341	111.375952	3.147287	0.013506	0.6
471	-0.551992	110.840004	3.160081	0.013522	0.6
472	-0.573205	111.831840	3.136485	0.004487	0.6
473	-0.528213	112.578410	3.118955	0.005556	0.6
474	-0.521067	113.547263	3.096496	0.009358	0.6
475	-0.517126	113.612650	3.094992	0.011123	0.6
476	-0.538385	114.584176	3.072815	0.013633	0.6
477	-0.508474	115.584176	3.050317	0.011821	0.7
478	-0.529691	116.584176	3.028147	0.005366	0.7
479	-0.508816	117.583407	3.006313	0.011120	0.7
480	-0.545864	117.064770	3.017606	0.008153	0.6
481	-0.520747	117.764247	3.002395	0.009594	0.6
482	-0.540598	118.764244	2.980913	0.007681	0.6
483	-0.512992	119.742293	2.960198	0.006163	0.6
484	-0.556180	120.737384	2.939415	0.006077	0.6
485	-0.533670	120.224223	2.950096	0.006700	0.6
486	-0.488629	120.557319	2.943155	0.010287	0.6
487	-0.548103	121.424871	2.925227	0.005379	0.6
488	-0.536523	121.149310	2.930898	0.003596	0.6
489	-0.540231	121.125165	2.931395	0.012993	0.6
490	-0.514074	120.591625	2.942441	0.008090	0.6
491	-0.551924	121.591625	2.921806	0.010470	0.6
492	-0.507067	121.112373	2.931659	0.012753	0.6
493	-0.546374	122.112351	2.911175	0.005832	0.6
494	-0.575409	121.576415	2.922118	0.005655	0.6
495	-0.558584	121.397041	2.925799	0.008299	0.6
496	-0.538640	120.861524	2.936843	0.008276	0.6
497	-0.540732	120.325626	2.947980	0.008795	0.6
498	-0.514480	119.965163	2.955518	0.007553	0.7
499	-0.528534	119.429232	2.966797	0.006454	0.7
500	-0.552949	118.893581	2.978157	0.009167	0.7
501	-0.548603	118.358019	2.989602	0.013544	0.9
502	-0.537948	117.822071	3.001144	0.008306	0.6
503	-0.540676	117.286950	3.012758	0.010291	0.6
504	-0.496239	118.284512	2.991180	0.008374	0.6
505	-0.524950	118.988336	2.976141	0.002583	0.6
506	-0.536924	119.277204	2.970013	0.008963	0.6
507	-0.557157	120.226928	2.950040	0.004664	0.6
508	-0.495920	119.763302	2.959756	0.011374	0.6
509	-0.512345	119.503617	2.965227	0.013042	0.6
510	-0.512628	119.347627	2.968522	0.008109	0.6
511	-0.510192	118.811679	2.979902	0.004321	0.6
512	-0.535625	119.739297	2.960261	0.005299	0.7
513	-0.563295	119.232475	2.970960	0.008030	0.6
514	-0.512358	120.118217	2.952312	0.011950	0.6
515	-0.508538	121.117960	2.931544	0.012709	0.6
516	-0.534511	122.117960	2.911061	0.006308	0.6
517	-0.539046	121.691440	2.919762	0.006018	0.6
518	-0.519821	121.309356	2.927601	0.009428	0.7
519	-0.522820	120.795346	2.938214	0.010325	0.7
520	-0.501112	120.278075	2.948972	0.005186	0.7
521	-0.494645	119.743795	2.960166	0.002992	0.7
522	-0.527913	120.103363	2.952623	0.012575	0.7
523	-0.550479	120.887856	2.936298	0.007322	0.6
524	-0.536197	120.351911	2.947431	0.011040	0.7
525	-0.532491	121.351751	2.926729	0.014529	0.6
526	-0.564169	120.815803	2.937790	0.006429	0.6
527	-0.548279	120.285301	2.948821	0.002856	0.6
528	-0.539812	119.776489	2.959479	0.003993	0.6
529	-0.480139	119.422515	2.966939	0.006085	0.6
530	-0.568982	120.307693	2.948354	0.011205	0.6
531	-0.539627	119.771814	2.959577	0.009909	0.6
532	-0.498516	120.771813	2.938702	0.012829	0.6
533	-0.511226	121.760025	2.918359	0.010237	0.6
534	-0.518093	122.358363	2.906179	0.002515	0.6
535	-0.528389	121.941970	2.914645	0.006581	0.6
536	-0.499259	121.830971	2.916910	0.008289	0.6
537	-0.528212	121.295137	2.927894	0.008966	0.7
538	-0.544089	120.759197	2.938963	0.011061	0.7
539	-0.555423	121.745284	2.918661	0.011595	0.7
540	-0.541949	122.745277	2.898357	0.008196	0.6
541	-0.541157	123.745125	2.878336	0.006493	0.6
542	-0.535151	123.210909	2.888998	0.005903	0.6
543	-0.543089	124.141265	2.870480	0.014049	0.6
544	-0.545217	123.620815	2.880810	0.017206	0.6
545	-0.541529	123.084867	2.891525	0.007637	0.6
546	-0.538975	122.558451	2.902128	0.012168	0.6
547	-0.526450	122.136266	2.910688	0.009157	0.6
548	-0.532651	123.103164	2.891158	0.004186	0.6
549	-0.530508	122.815780	2.896936	0.005836	0.6
550	-0.540469	123.631871	2.880590	0.007011	0.6
551	-0.519311	124.617255	2.861097	0.009432	0.6
552	-0.529660	125.616962	2.841588	0.014730	0.6
553	-0.522034	126.616962	2.822339	0.006834	0.6
554	-0.501525	126.136416	2.831556	0.007599	0.6
555	-0.517478	125.628694	2.841361	0.009626	0.6
556	-0.519710	125.093108	2.851778	0.008131	0.6
557	-0.522660	124.557175	2.862278	0.005308	0.6
558	-0.540910	124.341804	2.866519	0.004246	0.8
559	-0.522393	125.108135	2.851484	0.006547	0.7
560	-0.541751	125.744855	2.839112	0.002818	0.7
561	-0.552823	126.392808	2.826631	0.012250	0.6
562	-0.544156	127.328069	2.808808	0.010602	0.6
563	-0.535009	128.327916	2.790001	0.004486	0.6
564	-0.549272	129.325985	2.771477	0.008863	0.6
565	-0.503763	129.982371	2.759429	0.017535	0.7
566	-0.545123	129.446424	2.769259	0.016529	0.6
567	-0.574705	130.446424	2.750973	0.010318	0.6
568	-0.525008	131.446424	2.732928	0.006318	0.6
569	-0.536125	132.220984	2.719112	0.002762	0.6
570	-0.517729	131.784774	2.726876	0.007375	0.6
571	-0.552710	132.697070	2.710690	0.009437	0.6
572	-0.521788	133.657579	2.693855	0.008346	0.6
573	-0.530819	133.121635	2.703222	0.008948	0.6
574	-0.544066	134.119176	2.685839	0.007866	0.6
575	-0.533632	135.117020	2.668672	0.004607	0.6
576	-0.530691	135.667042	2.659303	0.013704	0.6
577	-0.576286	136.663042	2.642503	0.007700	0.6
578	-0.527634	137.662974	2.625849	0.004516	0.7
579	-0.522309	137.802616	2.623540	0.012388	0.7
580	-0.533840	137.344429	2.631132	0.012135	0.6
581	-0.543397	138.344429	2.614620	0.008908	0.6
582	-0.509989	137.808482	2.623443	0.013287	0.6
583	-0.545314	138.291735	2.615484	0.005542	0.6
584	-0.541739	137.942751	2.621227	0.015993	0.6
585	-0.533098	137.414903	2.629961	0.007914	0.6
586	-0.515281	137.846205	2.622820	0.007833	0.7
587	-0.552766	137.311605	2.631677	0.011918	0.8
588	-0.534911	138.223365	2.616608	0.009126	0.7
589	-0.550204	137.687679	2.625441	0.011871	0.7
590	-0.505838	137.151732	2.634338	0.003817	0.6
591	-0.508189	136.619512	2.643233	0.012748	0.6
592	-0.518653	137.372023	2.630673	0.003489	0.6
593	-0.551852	136.878715	2.638893	0.010542	0.6
594	-0.513183	136.461487	2.645885	0.005219	0.6
595	-0.531610	136.469754	2.645747	0.007612	0.6
596	-0.528618	136.975006	2.637285	0.010031	0.6
597	-0.545016	137.965827	2.620847	0.003186	0.6
598	-0.523290	137.433817	2.629647	0.004888	0.9
599	-0.549857	137.225956	2.633102	0.009523	0.7
600	-0.531915	138.215832	2.616731	0.012028	0.6
601	-0.533194	137.801427	2.623560	0.010235	0.6
602	-0.533312	138.793313	2.607275	0.005125	0.6
603	-0.536014	138.257492	2.616047	0.004960	0.7
604	-0.526400	137.807965	2.623452	0.007699	0.6
605	-0.555757	138.792315	2.607291	0.003652	0.6
606	-0.557348	138.700086	2.608797	0.015804	0.6
607	-0.551984	139.698532	2.592588	0.010053	0.7
608	-0.540093	140.698531	2.576554	0.007059	0.7
609	-0.512938	140.162625	2.585122	0.002149	0.7
610	-0.522039	139.686079	2.592789	0.007667	0.7
611	-0.527056	139.371048	2.597882	0.010949	0.6
612	-0.520930	140.371011	2.581784	0.008503	0.6
613	-0.552877	139.835072	2.590387	0.013828	0.6
614	-0.535478	139.299130	2.599048	0.007512	0.6
615	-0.517499	140.265662	2.583470	0.004190	0.6
616	-0.545236	140.800824	2.574925	0.004381	0.7
617	-0.533194	140.610226	2.577962	0.014478	0.7
618	-0.543313	141.607858	2.562146	0.007294	0.7
619	-0.546251	141.495895	2.563911	0.009419	0.6
620	-0.515907	142.495863	2.548230	0.007022	0.6
621	-0.550894	143.491322	2.532809	0.004706	0.6
622	-0.532832	143.542911	2.532015	0.011644	0.6
623	-0.556210	143.008309	2.540268	0.008295	0.6
624	-0.505164	142.476473	2.548532	0.004808	0.6
625	-0.523039	142.061088	2.555024	0.012334	0.6
626	-0.518138	141.537963	2.563248	0.010701	0.6
627	-0.545853	142.537960	2.547574	0.003764	0.6
628	-0.522254	142.199979	2.552850	0.007619	0.7
629	-0.524574	141.714990	2.560459	0.007923	0.6
630	-0.535020	142.684065	2.545300	0.008200	0.7
631	-0.495917	142.148121	2.553661	0.001799	0.6
632	-0.536811	142.681006	2.545348	0.009154	0.6
633	-0.511884	142.197344	2.552891	0.003581	0.6
634	-0.518796	141.892208	2.557673	0.005290	0.6
635	-0.542484	142.618612	2.546318	0.010836	0.6
636	-0.527497	142.107664	2.554295	0.007897	0.7
637	-0.529692	141.572084	2.562710	0.008342	0.7
638	-0.521247	141.036150	2.571186	0.008937	0.6
639	-0.534711	140.500211	2.579718	0.004257	0.6
640	-0.532516	140.150980	2.585309	0.007490	0.6
641	-0.500771	141.060910	2.570793	0.016031	0.6
642	-0.568029	142.060910	2.555027	0.009290	0.6
643	-0.522906	141.524963	2.563453	0.006873	0.6
644	-0.547108	141.350539	2.566207	0.006840	0.6
645	-0.526614	142.346225	2.550564	0.008814	0.6
646	-0.568513	143.344739	2.535068	0.007873	0.6
647	-0.559294	144.343443	2.519756	0.007081	0.6
648	-0.515178	145.304159	2.505199	0.008170	0.6
649	-0.526515	144.782477	2.513083	0.008409	0.5
650	-0.514006	144.246931	2.521227	0.006017	0.6
651	-0.522842	145.246747	2.506064	0.007374	0.6
652	-0.544544	145.690013	2.499400	0.009716	0.8
653	-0.545085	145.165415	2.507291	0.011945	0.7
654	-0.557091	144.629467	2.515404	0.004701	0.6
655	-0.533122	144.256927	2.521075	0.006043	0.8
656	-0.540576	145.183603	2.507017	0.014452	0.6
657	-0.532699	144.664847	2.514867	0.008852	0.7
658	-0.540924	144.128915	2.523029	0.010094	0.6
659	-0.549185	145.128780	2.507844	0.010025	0.6
660	-0.514445	146.128767	2.492839	0.006944	0.6
661	-0.532809	147.128561	2.478015	0.009049	0.6
662	-0.541931	146.717459	2.484089	0.009758	0.6
663	-0.525539	146.192419	2.491890	0.011642	0.6
664	-0.511814	147.192419	2.477074	0.001791	0.6
665	-0.531625	147.214852	2.476744	0.004238	0.6
666	-0.538512	147.061151	2.479009	0.007657	0.6
667	-0.575028	146.531737	2.486843	0.011348	0.6
668	-0.528732	147.531666	2.472088	0.010035	0.6
669	-0.530384	147.589327	2.471242	0.012850	0.6
670	-0.514274	147.053398	2.479123	0.004030	0.6
671	-0.535759	146.521527	2.486994	0.011220	0.6
672	-0.520261	147.309891	2.475345	0.009060	0.6
673	-0.534716	146.774270	2.483248	0.009859	0.6
674	-0.526582	146.238357	2.491205	0.009834	0.7
675	-0.524484	147.238355	2.476398	0.003569	0.7
676	-0.571089	146.814322	2.482655	0.009257	0.6
677	-0.527271	146.367592	2.489282	0.012204	0.7
678	-0.522759	147.367592	2.474497	0.007158	0.7
679	-0.516434	148.359230	2.460008	0.008812	0.7
680	-0.487643	149.240314	2.447276	0.008528	0.7
681	-0.536527	148.705376	2.454990	0.007263	0.6
682	-0.542166	148.663602	2.455595	0.003146	0.7
683	-0.541300	148.220291	2.462028	0.006555	0.7
684	-0.531678	149.102354	2.449261	0.011711	0.6
685	-0.564346	150.095858	2.435039	0.009942	0.6
686	-0.539846	150.059202	2.435561	0.006672	0.6
687	-0.541497	149.552898	2.442791	0.007281	0.6
688	-0.525911	150.545872	2.428651	0.006396	0.6
689	-0.500814	151.510982	2.415064	0.004819	0.6
690	-0.525801	152.480693	2.401564	0.008276	0.6
691	-0.503545	152.573874	2.400275	0.009773	0.6
692	-0.528449	152.051804	2.407516	0.013134	0.6
693	-0.542396	152.897904	2.395803	0.011208	0.7
694	-0.553431	152.361957	2.403209	0.006264	0.7
695	-0.543355	153.361853	2.389428	0.012823	0.7
696	-0.522181	153.090350	2.393154	0.008917	0.8
697	-0.553368	152.562671	2.400430	0.006168	0.7
698	-0.575000	152.034050	2.407763	0.010205	0.8
699	-0.554461	151.498220	2.415243	0.013643	0.6
700	-0.531458	150.962273	2.422770	0.005426	0.6
701	-0.507912	151.962169	2.408764	0.008096	0.6
702	-0.527793	152.810214	2.397011	0.007406	0.6
703	-0.517418	153.809142	2.383314	0.009134	0.6
704	-0.519071	153.680609	2.385068	0.009340	0.6
705	-0.524505	153.146936	2.392377	0.004002	0.6
706	-0.523588	153.644537	2.385560	0.006664	0.6
707	-0.538063	154.055203	2.379964	0.011156	0.6
708	-0.545897	153.590444	2.386299	0.002218	0.6
709	-0.527116	154.242965	2.377414	0.007316	0.6
710	-0.560873	154.806065	2.369799	0.006775	0.6
711	-0.541714	154.270357	2.377042	0.006961	0.6
712	-0.537585	154.451328	2.374591	0.006148	0.7
713	-0.549532	153.920956	2.381790	0.011682	0.6
714	-0.552381	154.307980	2.376532	0.010345	0.6
715	-0.513306	153.772032	2.383820	0.008802	0.7
716	-0.541630	154.545732	2.373314	0.008193	0.8
717	-0.526695	154.009819	2.380581	0.013002	0.6
718	-0.519871	155.009819	2.367056	0.008300	0.6
719	-0.528138	156.006843	2.353723	0.012600	0.6
720	-0.539885	155.471012	2.360870	0.012940	0.6
721	-0.554544	156.470767	2.347570	0.005401	0.6
722	-0.536149	157.394894	2.335409	0.008684	0.6
723	-0.513660	157.601139	2.332712	0.013178	0.6
724	-0.555776	157.065348	2.339731	0.005947	0.6
725	-0.527149	158.062467	2.326702	0.011871	0.6
726	-0.534227	157.671340	2.331796	0.008135	0.6
727	-0.523158	158.323519	2.323315	0.002988	0.6
728	-0.522535	157.849453	2.329474	0.006843	0.6
729	-0.523733	157.489346	2.334173	0.010777	0.6
730	-0.542812	157.217498	2.337734	0.009397	0.6
731	-0.542403	158.217494	2.324690	0.006281	0.6
732	-0.499269	157.909443	2.328692	0.007865	0.6
733	-0.546287	157.457687	2.334587	0.003725	0.6
734	-0.516376	156.946623	2.341292	0.006591	0.6
735	-0.540380	157.690409	2.331547	0.010335	0.6
736	-0.549989	157.157667	2.338519	0.009095	0.7
737	-0.507618	158.117768	2.325984	0.011325	0.7
738	-0.521325	157.581845	2.332964	0.012530	0.7
739	-0.513228	157.045899	2.339987	0.011600	0.8
740	-0.520949	158.045893	2.326918	0.007436	0.6
741	-0.544228	159.036539	2.314114	0.004749	0.6
742	-0.512667	159.824383	2.304031	0.007516	0.6
743	-0.519505	159.313195	2.310563	0.012767	0.6
744	-0.520704	158.801626	2.317137	0.011442	0.6
745	-0.540688	159.784950	2.304534	0.015834	0.6
746	-0.530950	160.783213	2.291879	0.007394	0.6
747	-0.533254	161.783204	2.279340	0.007546	0.6
748	-0.542434	162.783017	2.266940	0.004658	0.6
749	-0.554893	162.249128	2.273545	0.008116	0.6
750	-0.556835	162.862612	2.265959	0.005889	0.6
751	-0.533659	162.548507	2.269836	0.008888	0.6
752	-0.525276	163.544678	2.257584	0.007432	0.6
753	-0.528107	163.368364	2.259743	0.006246	0.6
754	-0.572878	162.833606	2.266316	0.011081	0.6
755	-0.507747	163.833570	2.254055	0.016847	0.6
756	-0.523803	164.828291	2.241989	0.004351	0.7
757	-0.498617	164.474007	2.246272	0.007696	0.7
758	-0.543904	165.417889	2.234899	0.009668	0.6
759	-0.521475	164.881942	2.241342	0.009138	0.6
760	-0.521203	164.370009	2.247532	0.006477	0.6
761	-0.543688	163.891177	2.253353	0.007436	0.6
762	-0.539719	163.361351	2.259829	0.009631	0.6
763	-0.493977	164.358885	2.247667	0.003653	0.6
764	-0.544622	164.343619	2.247852	0.009622	0.6
765	-0.536797	163.826145	2.254146	0.010093	0.6
766	-0.507531	163.290198	2.260701	0.006361	0.6
767	-0.539317	162.754696	2.267289	0.006790	0.6
768	-0.530953	163.318099	2.260359	0.013044	0.6
769	-0.544881	164.318057	2.248162	0.007935	0.6
770	-0.537381	165.267133	2.236707	0.010111	0.6
771	-0.525333	164.731203	2.243161	0.009177	0.6
772	-0.554428	165.727486	2.231193	0.007860	0.6
773	-0.554992	165.831280	2.229953	0.013006	0.6
774	-0.532922	166.783198	2.218649	0.008923	0.6
775	-0.527281	166.247250	2.225000	0.004521	0.6
776	-0.539777	165.809282	2.230216	0.008940	0.7
777	-0.530902	165.366828	2.235511	0.007390	0.6
778	-0.492152	165.667772	2.231907	0.007422	0.7
779	-0.520572	166.373815	2.223497	0.011684	0.7
780	-0.539615	167.373780	2.211693	0.011409	0.8
781	-0.518399	166.837832	2.218004	0.010828	0.6
782	-0.530741	166.329209	2.224026	0.004125	0.6
783	-0.524419	165.793777	2.230401	0.006738	0.6
784	-0.544740	166.714696	2.219459	0.007192	0.6
785	-0.550861	166.178804	2.225813	0.005758	0.6
786	-0.555501	165.669461	2.231887	0.011524	0.6
787	-0.546081	166.494488	2.222066	0.008205	0.6
788	-0.518262	167.344602	2.212036	0.005320	0.6
789	-0.555570	166.814979	2.218274	0.005649	0.6
790	-0.534327	166.441074	2.222699	0.005505	0.6
791	-0.512405	165.926296	2.228820	0.008989	0.6
792	-0.539611	166.924286	2.216984	0.008119	0.7
793	-0.549119	166.390212	2.223302	0.008425	0.6
794	-0.490634	167.028159	2.215759	0.010934	0.6
795	-0.528557	166.492214	2.222093	0.010848	0.6
796	-0.507227	166.009322	2.227830	0.011105	0.7
797	-0.543561	165.473374	2.234234	0.005100	0.7
798	-0.535820	166.407712	2.223095	0.008944	0.7
799	-0.517921	166.944879	2.216741	0.004836	0.6
800	-0.556879	166.410137	2.223066	0.013570	0.6
801	-0.504088	166.077520	2.227018	0.008455	0.6
802	-0.519017	167.077518	2.215177	0.010918	0.6
803	-0.536043	168.077517	2.203462	0.015545	0.7
804	-0.528188	167.541569	2.209725	0.012481	0.6
805	-0.551649	167.677029	2.208139	0.004775	0.6
806	-0.532403	168.676974	2.196498	0.006644	0.6
807	-0.528928	168.239562	2.201575	0.011299	0.6
808	-0.494410	168.288399	2.201007	0.007260	0.6
809	-0.556363	168.767333	2.195452	0.007668	0.6
810	-0.527875	169.766796	2.183950	0.002622	0.6
811	-0.582156	170.194548	2.179064	0.013963	0.6
812	-0.541218	169.688700	2.184844	0.008414	0.6
813	-0.525247	170.688667	2.173447	0.007773	0.6
814	-0.522479	170.152761	2.179540	0.004990	0.7
815	-0.544736	171.150126	2.168227	0.012063	0.6
816	-0.532288	170.682426	2.173517	0.012787	0.7
817	-0.539397	171.682420	2.162237	0.008684	0.7
818	-0.563888	171.146492	2.168268	0.011146	0.7
819	-0.561483	172.142606	2.157085	0.010716	0.6
820	-0.546843	171.606687	2.163087	0.008671	0.6
821	-0.501506	171.832198	2.160558	0.011835	0.6
822	-0.554406	171.296349	2.166578	0.012505	0.7
823	-0.537223	170.760401	2.172633	0.005036	0.7
824	-0.533994	171.484291	2.164463	0.010899	0.6
825	-0.536946	170.948686	2.170502	0.009973	0.6
826	-0.537364	170.437115	2.176302	0.007812	0.6
827	-0.546592	171.437102	2.164993	0.009945	0.6
828	-0.515162	170.901389	2.171037	0.013592	0.6
829	-0.547005	171.548992	2.163735	0.007827	0.6
830	-0.515478	171.071914	2.169110	0.014790	0.6
831	-0.520553	170.535967	2.175179	0.004987	0.6
832	-0.540169	171.484997	2.164455	0.011227	0.7
833	-0.577416	172.483090	2.153289	0.013342	0.6
834	-0.545459	172.406672	2.154140	0.007101	0.6
835	-0.552800	172.019581	2.158460	0.011305	0.6
836	-0.540178	173.014382	2.147393	0.003519	0.7
837	-0.550738	173.999162	2.136548	0.011525	0.7
838	-0.543567	173.473558	2.142322	0.003323	0.7
839	-0.515602	172.950996	2.148094	0.006893	0.6
840	-0.528008	173.909906	2.137526	0.007640	0.6
841	-0.505040	173.375458	2.143404	0.005359	0.6
842	-0.530541	172.932385	2.148301	0.003890	0.6
843	-0.516523	172.950082	2.148105	0.010303	0.6
844	-0.534810	172.430741	2.153872	0.006778	0.7
845	-0.526044	171.894809	2.159856	0.015894	0.7
846	-0.562972	171.358862	2.165874	0.008357	0.7
847	-0.534269	172.358862	2.154673	0.005583	0.6
848	-0.511631	172.363523	2.154621	0.005781	0.6
849	-0.519170	173.277522	2.144484	0.005150	0.6
850	-0.543160	172.981603	2.147756	0.006681	0.6
851	-0.529354	172.452672	2.153628	0.007854	0.6
852	-0.537411	171.916756	2.159611	0.012480	0.6
853	-0.535567	171.500189	2.164284	0.001998	0.6
854	-0.473786	171.028117	2.169604	0.011019	0.6
855	-0.534062	171.510721	2.164166	0.007875	0.6
856	-0.535673	171.570353	2.163495	0.006482	0.7
857	-0.521545	171.522467	2.164033	0.008529	0.7
858	-0.521288	172.522307	2.152853	0.015462	0.7
859	-0.514338	171.986359	2.158832	0.007041	0.7
860	-0.546681	172.793944	2.149835	0.006209	0.6
861	-0.521899	172.355619	2.154709	0.006627	0.7
862	-0.546788	172.441652	2.153751	0.009512	0.6
863	-0.524648	173.223110	2.145085	0.002702	0.6
864	-0.582123	173.294600	2.144296	0.006882	0.6
865	-0.580278	172.806351	2.149698	0.007600	0.7
866	-0.520650	172.271625	2.155645	0.005454	0.6
867	-0.559566	173.270543	2.144561	0.014696	0.6
868	-0.508372	173.833641	2.138363	0.010274	0.6
869	-0.510733	174.772658	2.128106	0.009946	0.6
870	-0.543819	175.772047	2.117298	0.009516	0.6
871	-0.555611	175.236099	2.123081	0.009366	0.6
872	-0.516546	176.236098	2.112316	0.013802	0.6
873	-0.522351	177.236098	2.101661	0.014960	0.6
874	-0.522722	178.236098	2.091112	0.004996	0.6
875	-0.551182	177.700543	2.096748	0.006968	0.6
876	-0.509718	178.619134	2.087100	0.008742	0.7
877	-0.569052	178.083193	2.092718	0.011222	0.7
878	-0.519968	179.082985	2.082261	0.006575	0.7
879	-0.508741	178.547050	2.087854	0.009527	0.7
880	-0.534363	178.011220	2.093475	0.011696	0.7
881	-0.561642	177.909937	2.094541	0.007854	0.6
882	-0.508504	177.942613	2.094197	0.011527	0.6
883	-0.528016	178.942601	2.083723	0.014857	0.6
884	-0.509135	179.942592	2.073354	0.000568	0.6
885	-0.513211	180.265675	2.070025	0.008753	0.8
886	-0.555061	180.257628	2.070108	0.009999	0.7
887	-0.519713	179.721684	2.075636	0.009108	0.7
888	-0.519050	180.053579	2.072209	0.008018	0.6
889	-0.509949	181.053563	2.061954	0.011139	0.6
890	-0.506342	182.053006	2.051804	0.012189	0.6
891	-0.568668	181.530606	2.057097	0.008851	0.6
892	-0.527653	180.994659	2.062555	0.008873	0.6
893	-0.570478	180.459775	2.068031	0.009854	0.6
894	-0.520673	180.581620	2.066781	0.006418	0.6
895	-0.520695	181.579515	2.056600	0.007382	0.7
896	-0.546066	181.065193	2.061835	0.004588	0.7
897	-0.523110	182.016965	2.052169	0.004844	0.7
898	-0.509379	182.228154	2.050036	0.007891	0.8
899	-0.540177	183.059582	2.041683	0.010368	0.7
900	-0.512036	182.531075	2.046985	0.007957	0.6
901	-0.555184	181.996639	2.052374	0.010675	0.6
902	-0.506020	182.769581	2.044589	0.011123	0.6
903	-0.505699	183.715830	2.035138	0.009089	0.7
904	-0.522476	183.179884	2.040480	0.010670	0.6
905	-0.530491	183.897808	2.033331	0.004340	0.6
906	-0.508689	184.649702	2.025897	0.006134	0.6
907	-0.508403	185.202308	2.020468	0.005910	0.6
908	-0.535372	186.035720	2.012334	0.007909	0.6
909	-0.535299	185.637055	2.016217	0.008554	0.6
910	-0.557283	185.955480	2.013114	0.007519	0.6
911	-0.556006	186.947406	2.003512	0.009491	0.6
912	-0.527466	187.946970	1.993927	0.009602	0.6
913	-0.532336	188.939498	1.984501	0.004542	0.6
914	-0.535418	188.403975	1.989576	0.007564	0.6
915	-0.532464	189.361615	1.980518	0.007822	0.7
916	-0.533488	188.826381	1.985570	0.007588	0.7
917	-0.536659	188.301287	1.990552	0.012717	0.6
918	-0.554027	189.301287	1.981087	0.010236	0.6
919	-0.545258	188.765379	1.986148	0.012816	0.6
920	-0.530359	189.765378	1.976724	0.014318	0.6
921	-0.540316	189.229431	1.981764	0.008454	0.6
922	-0.557557	190.222860	1.972443	0.012819	0.6
923	-0.541233	189.686944	1.977460	0.009527	0.6
924	-0.543260	190.594390	1.968980	0.014443	0.6
925	-0.539629	191.594389	1.959718	0.006613	0.6
926	-0.523533	192.594126	1.950546	0.011121	0.6
927	-0.521474	193.594069	1.941457	0.004372	0.6
928	-0.541394	194.579011	1.932586	0.007061	0.7
929	-0.538113	194.066725	1.937190	0.014384	0.7
930	-0.523665	193.580095	1.941583	0.004633	0.6
931	-0.544994	193.337897	1.943777	0.009193	0.6
932	-0.551674	194.329178	1.934829	0.007117	0.6
933	-0.516558	193.814231	1.939467	0.010694	0.6
934	-0.531846	193.278493	1.944316	0.012802	0.7
935	-0.553111	192.867842	1.948049	0.008637	0.7
936	-0.546208	193.594468	1.941453	0.008796	0.6
937	-0.540445	193.067248	1.946234	0.009172	0.6
938	-0.516200	192.532561	1.951108	0.007296	0.6
939	-0.521913	191.996630	1.956017	0.009718	0.6
940	-0.533506	191.492155	1.960661	0.012454	0.6
941	-0.494739	190.961963	1.965565	0.007981	0.6
942	-0.524631	190.427506	1.970534	0.013523	0.6
943	-0.488395	191.427505	1.961258	0.011477	0.6
944	-0.516612	190.891749	1.966217	0.003564	0.6
945	-0.516239	190.848698	1.966616	0.004492	0.6
946	-0.522179	191.122393	1.964079	0.010397	0.6
947	-0.542350	191.849174	1.957372	0.006856	0.6
948	-0.530691	191.676602	1.958961	0.015084	0.6
949	-0.523047	192.676460	1.949794	0.010293	0.7
950	-0.505564	193.676169	1.940714	0.008158	0.7
951	-0.515526	194.675974	1.931718	0.010727	0.7
952	-0.512543	194.207360	1.935924	0.005577	0.6
953	-0.542001	194.071077	1.937151	0.014094	0.6
954	-0.548701	195.067025	1.928221	0.007550	0.6
955	-0.549799	194.531671	1.933011	0.008033	0.6
956	-0.523163	195.530624	1.924093	0.010770	0.6
957	-0.519066	196.530624	1.915248	0.006167	0.6
958	-0.557421	195.994682	1.919978	0.010177	0.6
959	-0.538693	195.469670	1.924635	0.009117	0.6
960	-0.546984	195.048481	1.928387	0.012991	0.6
961	-0.549306	194.512533	1.933183	0.006247	0.6
962	-0.527773	195.512533	1.924254	0.008869	0.6
963	-0.527725	195.675096	1.922810	0.005566	0.6
964	-0.504619	196.201040	1.918154	0.003858	0.6
965	-0.551434	196.926425	1.911769	0.008345	0.6
966	-0.516342	197.881645	1.903426	0.011465	0.6
967	-0.516232	197.345851	1.908097	0.010742	0.6
968	-0.499565	196.809903	1.912792	0.007833	0.6
969	-0.513823	197.809853	1.904051	0.003588	0.6
970	-0.563950	197.427826	1.907381	0.011688	0.6
971	-0.530775	198.369396	1.899194	0.007187	0.7
972	-0.550917	197.842453	1.903767	0.012283	0.7
973	-0.532657	197.309599	1.908414	0.004855	0.6
974	-0.541461	198.305710	1.899746	0.012071	0.7
975	-0.527963	197.773460	1.904367	0.004700	0.6
976	-0.545029	197.795365	1.904177	0.015242	0.6
977	-0.540181	197.259421	1.908853	0.006549	0.6
978	-0.564973	198.259420	1.900147	0.005749	0.6
979	-0.518687	198.067638	1.901810	0.004388	0.6
980	-0.533534	198.753579	1.895874	0.006027	0.6
981	-0.550401	199.549795	1.889029	0.010574	0.6
982	-0.535788	199.016407	1.893609	0.003488	0.6
983	-0.535674	199.968741	1.885448	0.005078	0.6
984	-0.519686	199.582182	1.888752	0.009855	0.6
985	-0.542813	200.503087	1.880900	0.007534	0.6
986	-0.543322	200.008141	1.885112	0.009656	0.6
987	-0.523511	200.997878	1.876707	0.011969	0.6
988	-0.513247	201.997871	1.868292	0.004710	0.6
989	-0.545862	202.239545	1.866269	0.012689	0.6
990	-0.515853	201.703607	1.870760	0.007330	0.6
991	-0.523498	201.167667	1.875273	0.009238	0.6
992	-0.531158	200.665212	1.879524	0.009004	0.6
993	-0.513295	200.129463	1.884078	0.011379	0.7
994	-0.554119	201.129408	1.875596	0.011350	0.6
995	-0.564427	202.129408	1.867190	0.008099	0.6
996	-0.528834	201.672846	1.871019	0.009027	0.7
997	-0.530712	201.308194	1.874088	0.013381	0.6
998	-0.546910	200.772248	1.878617	0.009063	0.6
999	-0.536230	201.772244	1.870184	0.012033	0.6
