1:ItNr	2:Metric	3a:Time	3b:StepSize	4:||Gradient||	Time[ms]
0	-1.079522	0.000000	68.356566	0.006861	12.1
1	-1.089403	0.000000	68.356566	0.005436	0.6
2	-1.064063	0.000000	68.356566	0.005213	0.6
3	-1.091576	0.000000	68.356566	0.005793	0.6
4	-1.057717	0.000000	68.356566	0.006042	0.6
5	-1.073589	0.000000	68.356566	0.004881	0.6
6	-1.100077	0.000000	68.356566	0.004519	0.6
7	-1.092712	0.000000	68.356566	0.004862	0.7
8	-1.084239	0.000000	68.356566	0.004287	0.6
9	-1.055974	0.000000	68.356566	0.004704	0.7
10	-1.062994	0.000000	68.356566	0.004653	0.9
11	-1.096751	0.000000	68.356566	0.004264	0.7
12	-1.080115	0.000000	68.356566	0.003008	0.8
13	-1.107595	0.000000	68.356566	0.004026	0.6
14	-1.116242	0.000000	68.356566	0.004173	0.7
15	-1.087769	0.000000	68.356566	0.003425	0.6
16	-1.112967	0.000000	68.356566	0.004062	0.6
17	-1.119274	0.000000	68.356566	0.002778	0.6
18	-1.130432	0.000000	68.356566	0.003328	0.6
19	-1.096945	0.000000	68.356566	0.004494	0.9
20	-1.075306	0.000000	68.356566	0.003524	0.6
21	-1.099457	0.000000	68.356566	0.003999	0.6
22	-1.094530	0.000000	68.356566	0.003233	0.5
23	-1.123535	0.000000	68.356566	0.003016	0.6
24	-1.118439	0.000000	68.356566	0.002830	0.6
25	-1.108082	0.000000	68.356566	0.003501	0.9
26	-1.090611	0.000000	68.356566	0.003142	0.8
27	-1.121049	0.000000	68.356566	0.002751	0.5
28	-1.126294	0.000000	68.356566	0.004071	0.5
29	-1.094540	0.000000	68.356566	0.002424	0.8
30	-1.082320	0.000000	68.356566	0.003100	0.7
31	-1.109346	0.000000	68.356566	0.003198	0.8
32	-1.114071	0.000000	68.356566	0.003082	0.6
33	-1.109889	0.000000	68.356566	0.003001	0.6
34	-1.126865	0.000000	68.356566	0.003273	0.6
35	-1.092227	0.000000	68.356566	0.002806	0.6
36	-1.097410	0.000000	68.356566	0.001892	0.6
37	-1.100622	0.000000	68.356566	0.003220	0.6
38	-1.099745	0.000000	68.356566	0.002287	0.6
39	-1.108589	0.000000	68.356566	0.003373	0.6
40	-1.123362	0.000000	68.356566	0.002371	0.6
41	-1.052619	0.000000	68.356566	0.001665	0.6
42	-1.080329	0.000000	68.356566	0.002306	0.7
43	-1.129669	0.000000	68.356566	0.002364	0.6
44	-1.072592	0.000000	68.356566	0.002763	0.6
45	-1.099351	0.000000	68.356566	0.002107	0.6
46	-1.094403	0.000000	68.356566	0.001971	0.6
47	-1.096255	0.000000	68.356566	0.002026	0.6
48	-1.099689	0.000000	68.356566	0.002420	0.6
49	-1.134314	0.000000	68.356566	0.002030	0.7
50	-1.111624	0.000000	68.356566	0.002994	0.6
51	-1.150016	0.000000	68.356566	0.001812	0.7
52	-1.088924	0.000000	68.356566	0.002960	0.6
53	-1.114875	0.000000	68.356566	0.002388	0.6
54	-1.118270	0.000000	68.356566	0.002763	0.6
55	-1.090754	0.000000	68.356566	0.001634	0.6
56	-1.100995	0.000000	68.356566	0.001853	0.8
57	-1.105630	0.000000	68.356566	0.001577	0.6
58	-1.106925	0.000000	68.356566	0.001978	0.6
59	-1.098713	0.000000	68.356566	0.001782	0.6
60	-1.128392	0.000000	68.356566	0.001991	0.6
61	-1.134007	1.000000	65.249450	0.001431	0.6
62	-1.129131	0.970177	65.338020	0.002092	0.6
63	-1.133617	0.940355	65.426831	0.001699	0.6
64	-1.103200	0.910532	65.515883	0.002184	0.6
65	-1.109562	0.880710	65.605179	0.001600	0.6
66	-1.103221	0.850887	65.694718	0.001511	0.7
67	-1.118645	0.821065	65.784502	0.001899	0.9
68	-1.119577	0.791242	65.874532	0.001917	0.6
69	-1.112104	1.776200	63.025786	0.001106	0.7
70	-1.105115	1.746819	63.107192	0.001026	0.7
71	-1.095183	1.716997	63.190038	0.001695	0.9
72	-1.090564	1.687174	63.273102	0.001407	0.7
73	-1.110732	1.657352	63.356384	0.001052	0.7
74	-1.111219	1.627529	63.439887	0.001889	0.8
75	-1.100618	1.597707	63.523609	0.001592	0.6
76	-1.073684	1.567884	63.607553	0.001215	0.5
77	-1.106584	1.538062	63.691719	0.001455	0.7
78	-1.128657	1.508239	63.776108	0.001119	0.7
79	-1.121800	1.478417	63.860721	0.001274	0.6
80	-1.119809	1.448594	63.945558	0.000863	0.7
81	-1.124234	1.418772	64.030622	0.001544	0.6
82	-1.078302	1.388949	64.115912	0.001514	0.6
83	-1.130279	1.359127	64.201429	0.000485	0.7
84	-1.094245	1.329900	64.285459	0.001027	0.6
85	-1.130703	1.300078	64.371429	0.001573	0.6
86	-1.134980	1.270257	64.457625	0.001774	0.6
87	-1.126274	1.240435	64.544058	0.001028	0.6
88	-1.086239	1.210612	64.630722	0.001387	0.6
89	-1.104529	1.180790	64.717619	0.001256	0.6
90	-1.118118	1.150968	64.804748	0.001581	0.6
91	-1.108807	1.121145	64.892114	0.001335	0.6
92	-1.088661	1.091323	64.979716	0.000698	0.6
93	-1.096828	1.061500	65.067555	0.001244	0.6
94	-1.112482	1.031678	65.155632	0.001158	0.6
95	-1.099465	1.001855	65.243947	0.001181	0.6
96	-1.127997	0.972033	65.332502	0.001097	0.7
97	-1.130966	0.942210	65.421298	0.000740	0.6
98	-1.102685	1.081708	65.008010	0.001767	0.6
99	-1.091674	1.051886	65.095925	0.001329	0.6
100	-1.137850	1.022063	65.184079	0.000675	0.6
101	-1.105549	0.992241	65.272471	0.001269	0.6
102	-1.099743	1.872195	62.761265	0.000373	0.5
103	-1.139190	1.842511	62.842823	0.001313	0.6
104	-1.152331	2.840149	60.213042	0.001897	0.5
105	-1.120120	2.810326	60.288459	0.000891	0.6
106	-1.130041	3.810326	57.858485	0.001452	0.5
107	-1.100973	3.780504	57.928115	0.001096	0.6
108	-1.123595	3.750682	57.997911	0.000811	0.7
109	-1.097713	3.721107	58.067299	0.000681	0.6
110	-1.116249	3.691285	58.137431	0.001605	0.6
111	-1.121427	3.661463	58.207735	0.000895	0.6
112	-1.135492	3.631640	58.278210	0.001976	0.7
113	-1.100672	3.601818	58.348855	0.001333	0.7
114	-1.110220	4.601818	56.069764	0.001265	0.6
115	-1.114813	4.572046	56.135042	0.001217	0.7
116	-1.129404	4.542224	56.200584	0.000872	0.6
117	-1.147023	5.211542	54.765489	0.001593	0.6
118	-1.100113	5.181720	54.827869	0.001472	0.7
119	-1.140258	6.181695	52.810830	0.001004	0.6
120	-1.112406	7.177035	50.945313	0.001443	0.6
121	-1.106326	8.098012	49.332851	0.000950	0.7
122	-1.143318	8.068190	49.383464	0.000566	0.6
123	-1.071283	8.576818	48.534224	0.001171	0.6
124	-1.117897	8.547104	48.583032	0.001685	0.6
125	-1.133630	9.547104	46.992602	0.000685	0.6
126	-1.101877	10.544173	45.507229	0.000212	0.6
127	-1.124257	10.534301	45.521475	0.001400	0.6
128	-1.077482	10.549249	45.499906	0.000870	0.6
129	-1.120968	11.547810	44.103977	0.001237	0.7
130	-1.098104	11.517988	44.144425	0.000924	0.7
131	-1.134464	11.488165	44.184948	0.001114	0.7
132	-1.109965	11.458357	44.225525	0.001316	0.6
133	-1.115740	11.429028	44.265523	0.000795	0.6
134	-1.110152	12.429016	42.941374	0.001260	0.6
135	-1.119675	13.429015	41.694132	0.000980	0.6
136	-1.096515	14.426003	40.520741	0.000834	0.7
137	-1.117564	15.426002	39.408329	0.001372	0.7
138	-1.096001	15.397329	39.439375	0.000511	0.8
139	-1.079736	15.367506	39.471717	0.000791	0.7
140	-1.083851	16.142723	38.647891	0.000767	0.6
141	-1.101400	17.094430	37.682357	0.001646	0.7
142	-1.129849	17.067505	37.709009	0.000472	0.6
143	-1.110594	17.510654	37.275085	0.001511	0.7
144	-1.125853	17.480831	37.303973	0.000521	0.6
145	-1.109204	17.451009	37.332906	0.001538	0.5
146	-1.097395	17.421186	37.361883	0.001430	0.6
147	-1.133113	17.391364	37.390906	0.000787	0.6
148	-1.132381	18.391356	36.441698	0.001504	0.6
149	-1.120089	18.361534	36.469308	0.000710	0.6
150	-1.103591	18.331717	36.496955	0.001568	0.6
151	-1.114810	18.301894	36.524649	0.000592	0.5
152	-1.112464	18.272286	36.552186	0.001803	0.7
153	-1.107513	18.345099	36.484542	0.000752	0.5
154	-1.115684	18.315276	36.512217	0.000517	0.6
155	-1.116387	18.285603	36.539795	0.000824	0.7
156	-1.099345	19.147506	35.755344	0.001503	0.5
157	-1.121497	20.147506	34.886388	0.000846	0.6
158	-1.121854	20.117684	34.911691	0.000899	0.6
159	-1.143864	20.087861	34.937031	0.001060	0.6
160	-1.141815	21.087861	34.106934	0.000413	0.5
161	-1.110453	21.058039	34.131118	0.001002	0.6
162	-1.041595	21.028562	34.155056	0.000442	0.6
163	-1.128848	21.009150	34.170839	0.001502	0.6
164	-1.110687	20.980545	34.194122	0.000789	0.6
165	-1.106162	21.115163	34.084823	0.001750	0.6
166	-1.128043	22.115163	33.294270	0.001081	0.6
167	-1.098087	23.115163	32.539558	0.000951	0.6
168	-1.109892	24.115160	31.818304	0.001067	0.5
169	-1.093287	25.114997	31.128439	0.001328	0.7
170	-1.107695	26.114995	30.467750	0.001748	0.6
171	-1.101838	27.114995	29.834523	0.001034	0.7
172	-1.105128	27.085172	29.853026	0.001203	0.6
173	-1.114202	28.085052	29.244909	0.000942	0.7
174	-1.107112	29.085052	28.661004	0.001101	0.6
175	-1.143993	29.363836	28.502354	0.002032	0.6
176	-1.114560	29.334013	28.519242	0.001661	0.6
177	-1.089494	29.304191	28.536149	0.001247	0.6
178	-1.150452	30.304191	27.979934	0.000847	0.6
179	-1.099118	30.274368	27.996208	0.000727	0.6
180	-1.104382	30.783387	27.721012	0.000585	0.7
181	-1.118143	30.753589	27.736973	0.001205	0.6
182	-1.121990	30.723767	27.752965	0.000536	0.6
183	-1.121601	31.723617	27.226658	0.001093	0.6
184	-1.124188	31.693794	27.242067	0.000862	0.6
185	-1.110090	31.663972	27.257494	0.000735	0.6
186	-1.125731	31.634149	27.272938	0.001102	0.6
187	-1.120002	31.604327	27.288400	0.001374	0.6
188	-1.125728	31.574504	27.303879	0.001121	0.6
189	-1.077691	32.574504	26.794236	0.000723	0.5
190	-1.116097	32.553600	26.804695	0.001751	0.6
191	-1.068697	32.523780	26.819628	0.001339	0.6
192	-1.116945	32.495103	26.834005	0.001119	0.5
193	-1.106941	33.495103	26.341594	0.001453	0.6
194	-1.133160	33.465281	26.356017	0.001362	0.6
195	-1.105935	33.435458	26.370457	0.000645	0.6
196	-1.122870	33.405640	26.384909	0.001218	0.6
197	-1.080850	33.375822	26.399378	0.001001	0.7
198	-1.119904	33.345999	26.413865	0.001373	0.6
199	-1.120222	33.316177	26.428368	0.001506	0.6
200	-1.094900	33.286354	26.442886	0.001579	0.6
201	-1.098863	33.256532	26.457421	0.000967	0.6
202	-1.115568	33.226709	26.471971	0.000910	0.6
203	-1.068655	33.280217	26.445876	0.000747	0.6
204	-1.136167	33.884241	26.154828	0.001403	0.5
205	-1.108492	33.854418	26.169048	0.001045	0.5
206	-1.107836	33.824596	26.183283	0.001117	0.6
207	-1.105003	33.794773	26.197533	0.001430	0.6
208	-1.077183	33.764951	26.211799	0.002096	0.5
209	-1.101239	33.735128	26.226081	0.000849	0.7
210	-1.104405	33.705306	26.240378	0.001557	0.6
211	-1.101418	33.675483	26.254690	0.001076	0.7
212	-1.094825	33.645661	26.269019	0.000852	0.6
213	-1.129523	33.618110	26.282269	0.001599	0.6
214	-1.151616	34.484127	25.872046	0.001585	0.6
215	-1.111616	34.454304	25.885960	0.001785	0.7
216	-1.099058	34.424482	25.899888	0.001051	0.6
217	-1.099524	34.394659	25.913832	0.001162	0.6
218	-1.097547	34.365708	25.927382	0.001741	0.8
219	-1.092966	34.335886	25.941356	0.000848	0.6
220	-1.107630	34.306063	25.955344	0.000821	0.6
221	-1.144234	34.606823	25.814960	0.001075	0.6
222	-1.115895	34.577000	25.828812	0.000668	0.5
223	-1.101416	35.536844	25.390308	0.000962	0.5
224	-1.126622	35.507022	25.403708	0.001433	0.6
225	-1.137866	35.477199	25.417122	0.000542	0.5
226	-1.143253	35.447412	25.430535	0.000558	0.6
227	-1.100393	36.423310	24.998348	0.001024	0.6
228	-1.088258	36.395315	25.010541	0.001136	0.6
229	-1.107300	37.386469	24.585968	0.001429	0.8
230	-1.105891	37.356647	24.598533	0.001151	0.6
231	-1.078904	37.326824	24.611110	0.001765	0.6
232	-1.090125	37.297002	24.623700	0.001107	0.6
233	-1.123466	37.267179	24.636303	0.000674	0.5
234	-1.143001	37.240233	24.647702	0.000973	0.6
235	-1.117658	37.210736	24.660192	0.000486	0.6
236	-1.123090	37.181917	24.672406	0.001657	0.6
237	-1.099262	37.152591	24.684848	0.000702	0.6
238	-1.134254	37.122769	24.697514	0.000507	0.6
239	-1.118455	37.093069	24.710140	0.001351	0.8
240	-1.104888	37.063246	24.722832	0.000792	0.6
241	-1.115427	38.062739	24.304458	0.001217	0.6
242	-1.079359	38.161073	24.264061	0.000917	0.6
243	-1.108819	38.131280	24.276287	0.001263	0.6
244	-1.120217	38.101457	24.288536	0.001738	0.5
245	-1.146245	38.071635	24.300799	0.001751	0.5
246	-1.107426	39.071635	23.896268	0.001321	0.5
247	-1.086409	40.071635	23.504986	0.001347	0.5
248	-1.126098	41.071635	23.126310	0.001222	0.7
249	-1.112284	42.071635	22.759643	0.000732	0.6
250	-1.100909	43.058086	22.409160	0.000567	0.6
251	-1.100254	43.028547	22.419498	0.001112	0.5
252	-1.110720	43.209239	22.356407	0.000794	0.6
253	-1.087246	43.180297	22.366489	0.001110	0.6
254	-1.125688	43.150474	22.376887	0.001183	0.5
255	-1.094554	44.150474	22.033422	0.001092	0.6
256	-1.088521	44.120652	22.043512	0.001054	0.5
257	-1.098920	45.120652	21.710129	0.001286	0.6
258	-1.149336	46.120652	21.386680	0.000783	0.6
259	-1.118607	46.474233	21.274609	0.001354	0.6
260	-1.141029	47.474210	20.963920	0.000386	0.6
261	-1.132493	47.444409	20.973048	0.000943	0.7
262	-1.091140	47.414648	20.982172	0.001298	0.6
263	-1.072083	47.384826	20.991322	0.001406	0.6
264	-1.127747	47.355003	21.000480	0.001163	0.6
265	-1.114326	47.325181	21.009646	0.001345	0.6
266	-1.100991	47.295358	21.018821	0.000823	0.5
267	-1.117785	47.265536	21.028003	0.001242	0.5
268	-1.104242	47.235713	21.037193	0.000981	0.6
269	-1.107580	47.288226	21.021016	0.000903	0.7
270	-1.101253	47.258410	21.030198	0.002500	0.5
271	-1.114313	47.228588	21.039390	0.001625	0.6
272	-1.093136	47.198765	21.048591	0.002104	0.6
273	-1.119760	47.168943	21.057799	0.001313	0.6
274	-1.096452	47.139120	21.067015	0.001803	0.6
275	-1.106850	47.109298	21.076240	0.001307	0.6
276	-1.164033	47.079479	21.085471	0.002125	0.7
277	-1.127965	47.049657	21.094712	0.001247	0.6
278	-1.144333	47.019834	21.103960	0.001583	0.6
279	-1.118368	46.990012	21.113217	0.001263	0.6
280	-1.126401	46.960189	21.122482	0.001720	0.6
281	-1.126698	46.930367	21.131755	0.001289	0.6
282	-1.095227	46.900544	21.141037	0.000546	0.7
283	-1.105106	47.892797	20.836545	0.000786	0.8
284	-1.085995	47.891295	20.837000	0.002570	0.6
285	-1.139317	47.861473	20.846024	0.001129	0.6
286	-1.174536	47.831650	20.855056	0.001075	0.6
287	-1.115915	47.801828	20.864095	0.001307	0.6
288	-1.120231	47.772005	20.873143	0.001217	0.6
289	-1.108001	47.742183	20.882198	0.001457	0.7
290	-1.126437	47.712360	20.891262	0.001362	0.6
291	-1.136206	47.682538	20.900333	0.001392	0.6
292	-1.112557	47.652715	20.909412	0.000773	0.6
293	-1.125535	47.624911	20.917884	0.001525	0.5
294	-1.118313	47.595088	20.926978	0.000210	0.6
295	-1.123087	47.566411	20.935730	0.001305	0.6
296	-1.061094	47.542367	20.943074	0.001962	0.6
297	-1.108431	47.512544	20.952191	0.001400	0.5
298	-1.114158	47.482722	20.961315	0.001209	0.5
299	-1.085169	47.452899	20.970447	0.000754	0.6
300	-1.096315	48.452722	20.668562	0.001098	0.6
301	-1.076857	48.585878	20.629012	0.001933	0.5
302	-1.111885	48.556056	20.637856	0.001361	0.6
303	-1.097639	48.526233	20.646709	0.001570	0.6
304	-1.137866	49.526184	20.353971	0.000912	0.6
305	-1.088941	49.496361	20.362581	0.001367	0.6
306	-1.138047	50.496271	20.077801	0.000576	0.6
307	-1.103591	50.467000	20.086024	0.001333	0.6
308	-1.112625	50.437177	20.094409	0.000731	0.6
309	-1.150350	50.407355	20.102801	0.000919	0.6
310	-1.123297	51.407347	19.825169	0.001335	0.6
311	-1.131744	51.377845	19.833250	0.000630	0.6
312	-1.094361	51.348022	19.841425	0.001233	0.6
313	-1.115433	51.318200	19.849608	0.001424	0.6
314	-1.136700	51.312118	19.851277	0.000863	0.6
315	-1.098420	51.287338	19.858082	0.000644	0.6
316	-1.098267	51.257518	19.866277	0.000741	0.6
317	-1.111840	51.290839	19.857120	0.000977	0.6
318	-1.137841	52.290839	19.586185	0.000666	0.6
319	-1.134141	53.166332	19.354980	0.001197	0.6
320	-1.118041	53.136514	19.362765	0.000871	0.5
321	-1.137557	53.204734	19.344964	0.000604	0.6
322	-1.098170	54.203625	19.088015	0.000814	0.6
323	-1.121267	55.203447	18.837572	0.001192	0.6
324	-1.135648	55.173626	18.844946	0.000902	0.6
325	-1.142352	55.143803	18.852327	0.001261	0.6
326	-1.112220	55.113981	18.859714	0.000696	0.6
327	-1.110586	55.084158	18.867106	0.000678	0.6
328	-1.144701	55.054406	18.874487	0.000752	0.6
329	-1.121500	55.030030	18.880538	0.001032	0.5
330	-1.073838	56.029976	18.635445	0.001307	0.5
331	-1.088849	56.000210	18.642649	0.000555	0.7
332	-1.106992	57.000210	18.403641	0.001705	0.5
333	-1.104368	58.000129	18.170703	0.000263	0.6
334	-1.145114	58.431598	18.072001	0.001096	0.5
335	-1.145083	59.324148	17.871187	0.001437	0.5
336	-1.123450	59.294326	17.877825	0.001065	0.5
337	-1.144452	60.247653	17.668054	0.000725	0.5
338	-1.132432	61.204818	17.462333	0.000898	0.5
339	-1.112067	61.177223	17.468197	0.000800	0.6
340	-1.114739	61.147401	17.474538	0.000942	0.5
341	-1.127814	62.140555	17.265796	0.001351	0.5
342	-1.079704	62.118524	17.270373	0.001260	0.6
343	-1.094073	63.118524	17.065063	0.000700	0.5
344	-1.100224	63.088805	17.071094	0.001169	0.5
345	-1.134181	64.088805	16.870467	0.000622	0.6
346	-1.102919	64.059089	16.876361	0.001100	0.5
347	-1.123101	64.074015	16.873400	0.000909	0.5
348	-1.113774	65.074015	16.677366	0.000837	0.6
349	-1.128845	66.074014	16.485836	0.001410	0.6
350	-1.142256	66.056020	16.489243	0.000805	0.6
351	-1.126576	66.026198	16.494894	0.000347	0.6
352	-1.129019	65.996675	16.500491	0.000382	0.6
353	-1.124912	65.967793	16.505971	0.000898	0.6
354	-1.105294	66.698298	16.368481	0.000710	0.6
355	-1.141689	66.673051	16.373194	0.000864	0.6
356	-1.130237	66.657272	16.376142	0.001339	0.6
357	-1.139210	66.627466	16.381712	0.001164	0.5
358	-1.113925	66.597643	16.387289	0.001020	0.5
359	-1.099333	66.567821	16.392870	0.000519	0.5
360	-1.079903	66.537998	16.398455	0.000783	0.5
361	-1.114483	66.511355	16.403447	0.000949	0.5
362	-1.121971	66.481532	16.409039	0.001760	0.5
363	-1.066804	66.451710	16.414635	0.001249	0.5
364	-1.124409	66.421887	16.420235	0.001296	0.6
365	-1.117720	66.392065	16.425838	0.001436	0.5
366	-1.078982	66.362242	16.431445	0.000344	0.6
367	-1.119818	66.335916	16.436398	0.001162	0.5
368	-1.113974	66.638889	16.379577	0.000914	0.5
369	-1.138149	67.328606	16.251676	0.001180	0.5
370	-1.106524	67.298783	16.257165	0.001817	0.5
371	-1.129852	67.268961	16.262658	0.000986	0.5
372	-1.131112	68.268961	16.080482	0.000857	0.6
373	-1.108647	68.239902	16.085718	0.000882	0.6
374	-1.126188	68.210079	16.091095	0.000446	0.6
375	-1.129623	68.180289	16.096471	0.001549	0.6
376	-1.133948	68.151843	16.101606	0.001602	0.6
377	-1.122829	69.151843	15.923001	0.001382	0.6
378	-1.096208	69.122022	15.928270	0.000480	0.6
379	-1.127985	69.951779	15.782956	0.000566	0.6
380	-1.139483	70.908758	15.618619	0.001024	0.6
381	-1.101400	70.878941	15.623688	0.000796	0.6
382	-1.094340	71.137835	15.579788	0.001266	0.6
383	-1.118283	71.108012	15.584832	0.000568	0.6
384	-1.146516	72.105139	15.417923	0.000769	0.7
385	-1.135251	72.855600	15.294643	0.001051	0.6
386	-1.105858	73.749942	15.150277	0.001055	0.6
387	-1.132636	74.749942	14.992050	0.000241	0.6
388	-1.130650	74.720317	14.996690	0.001528	0.7
389	-1.094588	75.716864	14.842167	0.001929	0.6
390	-1.082314	76.716864	14.690278	0.001130	0.6
391	-1.135403	77.716864	14.541466	0.001220	0.5
392	-1.105589	78.716864	14.395638	0.001595	0.6
393	-1.115935	79.716864	14.252706	0.000779	0.6
394	-1.092023	80.716864	14.112585	0.001028	0.6
395	-1.095768	80.687042	14.116724	0.000526	0.6
396	-1.116889	80.660185	14.120453	0.000931	0.7
397	-1.135118	81.139621	14.054173	0.001892	0.6
398	-1.113821	81.109799	14.058278	0.002012	0.6
399	-1.105831	82.109795	13.921935	0.001127	0.5
400	-1.113170	82.079973	13.925963	0.001120	0.6
401	-1.117508	83.078826	13.792314	0.001344	0.5
402	-1.091750	83.049003	13.796268	0.001824	0.5
403	-1.073823	83.019181	13.800223	0.001474	0.6
404	-1.119527	84.019181	13.668816	0.000475	0.5
405	-1.112870	83.990728	13.672521	0.000285	0.6
406	-1.154333	84.207481	13.644352	0.000584	0.7
407	-1.129254	84.477256	13.609454	0.001369	0.6
408	-1.123136	85.477254	13.481639	0.000609	0.6
409	-1.097754	86.477254	13.356202	0.001273	0.6
410	-1.107718	87.477177	13.233087	0.000960	0.6
411	-1.131644	88.477177	13.112211	0.000983	0.6
412	-1.113659	89.477165	12.993526	0.001140	0.5
413	-1.111081	89.447344	12.997034	0.001150	0.5
414	-1.114879	89.417521	13.000544	0.002224	0.5
415	-1.112574	89.387699	13.004057	0.001196	0.6
416	-1.131927	90.387699	12.887311	0.001601	0.5
417	-1.098903	91.387699	12.772642	0.001258	0.6
418	-1.126133	92.387699	12.659997	0.001094	0.6
419	-1.135223	93.387698	12.549321	0.001012	0.6
420	-1.110766	93.357876	12.552593	0.000556	0.6
421	-1.083123	93.890556	12.494394	0.000952	0.6
422	-1.117301	93.896497	12.493748	0.000656	0.5
423	-1.120088	93.887087	12.494771	0.000632	0.5
424	-1.141259	93.916704	12.491551	0.000502	0.5
425	-1.118361	93.887109	12.494769	0.000999	0.5
426	-1.096470	94.090563	12.472681	0.000934	0.5
427	-1.081275	94.060740	12.475914	0.000647	0.5
428	-1.144711	94.449370	12.433917	0.001114	0.5
429	-1.108839	95.268348	12.346334	0.000909	0.5
430	-1.105865	96.268348	12.241052	0.000828	0.5
431	-1.102979	96.466473	12.220405	0.001866	0.5
432	-1.150228	96.436650	12.223508	0.001645	0.6
433	-1.082271	97.436650	12.120301	0.001117	0.5
434	-1.133088	97.406828	12.123354	0.001178	0.5
435	-1.100788	98.406824	12.021825	0.000920	0.5
436	-1.141596	99.406824	11.921981	0.001199	0.5
437	-1.117860	100.403355	11.824120	0.000989	0.5
438	-1.124687	100.373532	11.827026	0.000889	0.5
439	-1.092613	101.373145	11.730416	0.000865	0.5
440	-1.105693	102.372604	11.635386	0.000901	0.5
441	-1.120588	103.372604	11.541834	0.001539	0.6
442	-1.144266	104.372592	11.449774	0.000890	0.6
443	-1.127869	104.342770	11.452499	0.001010	0.6
444	-1.124892	105.342767	11.361853	0.000976	0.6
445	-1.137873	106.342767	11.272630	0.001652	0.6
446	-1.105371	106.312945	11.275270	0.001727	0.5
447	-1.158592	106.283123	11.277912	0.001105	0.6
448	-1.127460	107.283123	11.189998	0.001271	0.5
449	-1.140086	108.283123	11.103444	0.001544	0.5
450	-1.141377	109.280158	11.018469	0.000485	0.5
451	-1.103755	110.280154	10.934538	0.001337	0.6
452	-1.128983	110.250334	10.937023	0.000925	0.5
453	-1.098450	110.220516	10.939508	0.000914	0.5
454	-1.104370	110.190698	10.941994	0.000514	0.6
455	-1.130814	110.161031	10.944469	0.000497	0.5
456	-1.099054	110.561136	10.911185	0.001405	0.5
457	-1.099461	110.535203	10.913336	0.001334	0.5
458	-1.126416	110.505380	10.915811	0.000927	0.5
459	-1.144050	110.475559	10.918287	0.001695	0.5
460	-1.151032	111.470166	10.836311	0.001210	0.5
461	-1.144840	111.470004	10.836324	0.000827	0.5
462	-1.086319	111.662359	10.820612	0.000706	0.5
463	-1.118641	111.632549	10.823044	0.001150	0.5
464	-1.134717	112.625640	10.742608	0.000914	0.6
465	-1.117231	112.596547	10.744948	0.001047	0.6
466	-1.121198	113.596547	10.665117	0.001134	0.6
467	-1.096379	113.611256	10.663951	0.000531	0.7
468	-1.097151	114.606616	10.585677	0.001399	0.6
469	-1.128831	115.606615	10.508187	0.000594	0.6
470	-1.126521	115.686576	10.502040	0.001022	0.6
471	-1.130483	116.686572	10.425765	0.001240	0.6
472	-1.115014	117.686572	10.350590	0.001493	0.5
473	-1.153911	118.686572	10.276492	0.001268	0.6
474	-1.070274	119.405699	10.223858	0.000936	0.5
475	-1.108649	120.405699	10.151556	0.000575	0.6
476	-1.113635	120.376054	10.153685	0.000675	0.5
477	-1.111160	120.349381	10.155601	0.000662	0.5
478	-1.133912	120.495974	10.145079	0.000774	0.5
479	-1.120513	120.466312	10.147207	0.001646	0.5
480	-1.101942	120.436490	10.149346	0.001201	0.5
481	-1.153804	120.406667	10.151487	0.000883	0.5
482	-1.101041	121.406667	10.080201	0.001006	0.6
483	-1.133371	121.380011	10.082089	0.000545	0.7
484	-1.108844	121.350191	10.084201	0.001163	0.6
485	-1.088002	121.320528	10.086302	0.000941	0.5
486	-1.101762	122.320528	10.015927	0.000585	0.6
487	-1.110323	122.290712	10.018011	0.001120	0.7
488	-1.138464	122.260890	10.020096	0.000994	0.8
489	-1.139346	123.260413	9.950671	0.001144	0.7
490	-1.089354	124.260160	9.882186	0.000859	0.6
491	-1.106478	125.233060	9.816439	0.001133	0.6
492	-1.136915	125.203346	9.818434	0.000871	0.5
493	-1.116189	125.173523	9.820437	0.001376	0.5
494	-1.135343	125.143701	9.822441	0.001540	0.5
495	-1.068689	125.113878	9.824446	0.000797	0.5
496	-1.118657	125.206219	9.818241	0.001168	0.5
497	-1.078929	125.196247	9.818911	0.000794	0.5
498	-1.161643	126.175332	9.753590	0.001535	0.5
499	-1.127237	126.507582	9.731621	0.001171	0.6
500	-1.125337	127.507582	9.666092	0.000809	0.6
501	-1.127590	127.477782	9.668032	0.000509	0.5
502	-1.111151	127.907601	9.640125	0.000729	0.5
503	-1.063152	127.878191	9.642029	0.001287	0.5
504	-1.115441	127.848456	9.643956	0.001213	0.5
505	-1.124430	128.647013	9.592493	0.000727	0.5
506	-1.103960	129.646493	9.528850	0.000806	0.7
507	-1.108873	129.817868	9.518023	0.001688	0.5
508	-1.152610	130.817867	9.455329	0.000894	0.6
509	-1.139965	130.788045	9.457187	0.000997	0.7
510	-1.131947	131.724762	9.399182	0.000922	0.6
511	-1.110934	131.694939	9.401018	0.001835	0.7
512	-1.130930	132.694939	9.339851	0.001769	0.5
513	-1.109830	133.694939	9.279475	0.000928	0.6
514	-1.090000	133.665270	9.281256	0.000626	0.6
515	-1.089002	134.658782	9.222017	0.000829	0.6
516	-1.139123	134.802716	9.213497	0.001241	0.5
517	-1.121695	135.720592	9.159536	0.001877	0.5
518	-1.096619	136.720546	9.101464	0.000719	0.5
519	-1.080600	137.720546	9.044121	0.000666	0.6
520	-1.130242	138.699629	8.988674	0.000841	0.5
521	-1.141386	139.642613	8.935910	0.000528	0.5
522	-1.108640	139.612796	8.937569	0.000879	0.6
523	-1.113427	140.420328	8.892857	0.000958	0.5
524	-1.081262	141.420292	8.838107	0.000668	0.7
525	-1.130020	141.391166	8.839692	0.001245	0.6
526	-1.138158	142.391166	8.785591	0.001056	0.5
527	-1.108323	143.388801	8.732273	0.001294	0.5
528	-1.098949	143.358978	8.733857	0.000452	0.5
529	-1.092771	144.358530	8.681063	0.001001	0.5
530	-1.115204	144.328776	8.682626	0.000816	0.7
531	-1.133174	144.298953	8.684192	0.001108	0.7
532	-1.101594	144.269133	8.685759	0.000708	0.6
533	-1.100766	144.325649	8.682790	0.000737	0.8
534	-1.148503	144.295849	8.684355	0.000750	0.7
535	-1.091747	144.918163	8.651783	0.000940	0.6
536	-1.120537	145.111815	8.641696	0.001813	0.6
537	-1.124285	145.081993	8.643248	0.000846	0.6
538	-1.144213	145.919200	8.599897	0.000812	0.5
539	-1.110174	145.889379	8.601433	0.000672	0.6
540	-1.104355	145.859557	8.602971	0.001280	0.6
541	-1.081614	145.829735	8.604509	0.000714	0.6
542	-1.113387	146.829701	8.553241	0.000560	0.6
543	-1.103145	147.795590	8.504297	0.000429	0.6
544	-1.106509	147.841843	8.501968	0.000761	0.5
545	-1.114800	147.812125	8.503464	0.000730	0.6
546	-1.076012	148.810280	8.453480	0.000736	0.5
547	-1.118314	149.809140	8.404046	0.001020	0.5
548	-1.124872	149.781287	8.405417	0.001061	0.5
549	-1.116364	149.826518	8.403191	0.001686	0.5
550	-1.104555	150.824181	8.354400	0.001200	0.7
551	-1.113530	151.824181	8.306059	0.001251	0.6
552	-1.128424	151.794358	8.307493	0.000876	0.6
553	-1.132891	151.886715	8.303055	0.000906	0.7
554	-1.130304	152.886715	8.255305	0.001772	0.6
555	-1.119464	152.867339	8.256225	0.000669	0.6
556	-1.080240	152.837519	8.257641	0.001488	0.7
557	-1.136100	153.834896	8.210534	0.001238	0.6
558	-1.114447	154.834896	8.163840	0.000932	0.6
559	-1.139742	154.904126	8.160627	0.000533	0.6
560	-1.126681	155.902926	8.114551	0.000619	0.6
561	-1.147633	156.035341	8.108482	0.000732	0.6
562	-1.149756	156.005690	8.109840	0.000733	0.6
563	-1.130739	157.003909	8.064362	0.000586	0.5
564	-1.117649	156.974092	8.065713	0.000852	0.5
565	-1.099700	156.946714	8.066954	0.000789	0.5
566	-1.085403	156.923794	8.067993	0.001268	0.5
567	-1.120689	157.088756	8.060520	0.001083	0.5
568	-1.161287	158.088754	8.015511	0.000967	0.5
569	-1.132345	158.059364	8.016827	0.000533	0.5
570	-1.116306	158.031406	8.018079	0.000742	0.5
571	-1.121084	159.027728	7.973704	0.000686	0.5
572	-1.121798	160.024081	7.929817	0.001398	0.6
573	-1.103999	161.024078	7.886253	0.000918	0.7
574	-1.119989	162.023970	7.843169	0.000649	0.7
575	-1.123454	161.994202	7.844445	0.001568	0.6
576	-1.120138	162.806423	7.809781	0.000828	0.7
577	-1.133979	162.776600	7.811048	0.001636	0.6
578	-1.124781	162.746778	7.812316	0.001191	0.6
579	-1.133061	163.746778	7.770029	0.001523	0.8
580	-1.125152	163.716955	7.771284	0.001306	0.8
581	-1.133068	164.716955	7.729439	0.000699	0.5
582	-1.148929	164.687133	7.730680	0.001010	0.6
583	-1.129040	164.657322	7.731922	0.001275	0.6
584	-1.111016	165.657014	7.690511	0.000285	0.6
585	-1.097846	166.653898	7.649657	0.000957	0.6
586	-1.105413	166.624162	7.650869	0.001402	0.5
587	-1.093793	166.594340	7.652085	0.001729	0.6
588	-1.129000	167.562028	7.612815	0.001000	0.6
589	-1.102678	168.562028	7.572655	0.001300	0.6
590	-1.122786	169.558436	7.533059	0.001793	0.6
591	-1.116338	169.528613	7.534238	0.001654	0.6
592	-1.070220	169.498791	7.535417	0.000648	0.7
593	-1.118946	170.498791	7.496068	0.000724	0.6
594	-1.139418	171.496975	7.457197	0.000717	0.6
595	-1.132203	172.059468	7.435470	0.001627	0.6
596	-1.081112	173.035941	7.398052	0.001291	0.6
597	-1.090286	173.006118	7.399189	0.000964	0.6
598	-1.110981	174.006096	7.361246	0.000350	0.6
599	-1.092107	174.988570	7.324345	0.001124	0.6
600	-1.134103	174.958767	7.325459	0.001184	0.6
601	-1.115546	174.928947	7.326574	0.000711	0.6
602	-1.114725	175.605247	7.301371	0.000700	0.6
603	-1.104851	175.575880	7.302462	0.001380	0.6
604	-1.097498	176.575880	7.265502	0.001500	0.6
605	-1.077314	177.575880	7.228914	0.000745	0.6
606	-1.134880	177.546121	7.229997	0.000983	0.7
607	-1.103294	178.546106	7.193765	0.001263	0.5
608	-1.139309	178.516284	7.194841	0.001454	0.5
609	-1.104430	178.486461	7.195916	0.001481	0.6
610	-1.147529	179.486461	7.160024	0.001278	0.5
611	-1.130277	180.486461	7.124488	0.001542	0.5
612	-1.130512	181.486461	7.089303	0.001071	0.5
613	-1.078281	182.486058	7.054478	0.001439	0.7
614	-1.137766	183.486058	7.019979	0.000550	0.6
615	-1.106094	183.518918	7.018851	0.001547	0.6
616	-1.094514	183.489127	7.019874	0.000656	0.6
617	-1.116284	183.647430	7.014444	0.001092	0.5
618	-1.135268	183.617640	7.015465	0.000342	0.7
619	-1.130670	184.492041	6.985613	0.001266	0.5
620	-1.078776	185.463521	6.952743	0.000686	0.6
621	-1.160742	186.441282	6.919972	0.000840	0.6
622	-1.136565	187.441025	6.886782	0.001210	0.6
623	-1.144416	187.415630	6.887621	0.001084	0.7
624	-1.095008	187.385825	6.888606	0.001379	0.6
625	-1.072393	187.356002	6.889592	0.001273	0.6
626	-1.097899	188.355998	6.856684	0.001460	0.5
627	-1.096982	189.355952	6.824090	0.001263	0.6
628	-1.087883	189.326130	6.825057	0.000725	0.7
629	-1.158086	190.133884	6.798946	0.000674	0.5
630	-1.133355	190.269802	6.794572	0.001927	0.5
631	-1.102518	191.269802	6.762563	0.001351	0.5
632	-1.118479	192.269802	6.730854	0.001048	0.6
633	-1.102888	192.239980	6.731795	0.000859	0.5
634	-1.132884	192.210157	6.732737	0.000907	0.6
635	-1.094183	192.180335	6.733679	0.000610	0.7
636	-1.153792	192.150512	6.734621	0.001795	0.5
637	-1.126808	192.120690	6.735563	0.001531	0.6
638	-1.154997	193.120690	6.704106	0.000864	0.6
639	-1.123274	194.120690	6.672942	0.002470	0.6
640	-1.113022	195.120690	6.642066	0.001130	0.6
641	-1.115220	195.090867	6.642983	0.000768	0.6
642	-1.151365	195.061240	6.643894	0.001265	0.6
643	-1.091624	195.789497	6.621575	0.000967	0.5
644	-1.110485	196.238792	6.607880	0.000726	0.5
645	-1.104025	197.238781	6.577602	0.001091	0.6
646	-1.105833	198.238772	6.547600	0.000659	0.7
647	-1.127895	198.208972	6.548491	0.001048	0.6
648	-1.116717	199.208966	6.518753	0.001197	0.6
649	-1.112085	199.179143	6.519636	0.000721	0.6
650	-1.119342	199.149321	6.520519	0.000761	0.5
651	-1.098475	199.119499	6.521403	0.000780	0.5
652	-1.118126	200.113675	6.492081	0.001304	0.5
653	-1.100583	200.314774	6.486182	0.000565	0.5
654	-1.096493	200.285869	6.487029	0.000826	0.5
655	-1.123685	200.256048	6.487904	0.000577	0.5
656	-1.121580	200.226996	6.488756	0.000437	0.5
657	-1.096434	200.306438	6.486426	0.000756	0.8
658	-1.118265	200.292558	6.486833	0.001011	0.6
659	-1.120113	200.262737	6.487707	0.000908	0.5
660	-1.156992	200.722688	6.474249	0.000751	0.5
661	-1.127946	200.692867	6.475120	0.000225	0.6
662	-1.088885	200.705477	6.474752	0.000950	0.6
663	-1.071396	200.726118	6.474149	0.001322	0.5
664	-1.117837	201.402980	6.454445	0.000727	0.5
665	-1.119930	201.373157	6.455311	0.001080	0.6
666	-1.175484	202.254445	6.429829	0.001238	0.6
667	-1.102007	203.254445	6.401157	0.000750	0.5
668	-1.109201	204.247967	6.372923	0.000895	0.5
669	-1.122561	204.218145	6.373767	0.001064	0.6
670	-1.086195	204.188322	6.374611	0.000103	0.6
671	-1.132175	204.165953	6.375244	0.000871	0.6
672	-1.153834	204.166532	6.375228	0.001161	0.5
673	-1.106943	205.164647	6.347092	0.000666	0.5
674	-1.096384	206.112791	6.320595	0.000657	0.5
675	-1.136031	206.994176	6.296160	0.000640	0.7
676	-1.092980	207.961330	6.269565	0.002103	0.5
677	-1.115758	207.931508	6.270381	0.000718	0.6
678	-1.106645	207.901686	6.271198	0.001107	0.6
679	-1.091703	208.901685	6.243921	0.001195	0.6
680	-1.099408	209.898623	6.216962	0.000838	0.5
681	-1.119177	209.868800	6.217765	0.000769	0.6
682	-1.094396	209.839003	6.218567	0.001380	0.6
683	-1.100242	209.809181	6.219371	0.001929	0.6
684	-1.115523	210.809171	6.192541	0.000673	0.6
685	-1.148795	211.809171	6.165942	0.000962	0.6
686	-1.098606	212.809170	6.139571	0.000546	0.6
687	-1.094755	212.779348	6.140354	0.000869	0.6
688	-1.116005	213.223921	6.128699	0.001094	0.6
689	-1.108623	214.214193	6.102897	0.000436	0.5
690	-1.103460	214.243060	6.102148	0.001009	0.5
691	-1.134727	214.215706	6.102857	0.001628	0.6
692	-1.101898	215.215706	6.077021	0.000854	0.6
693	-1.092802	215.185884	6.077789	0.000742	0.6
694	-1.115988	215.157447	6.078521	0.000898	0.6
695	-1.071591	216.039831	6.055893	0.001082	0.6
696	-1.098828	216.010008	6.056655	0.000872	0.6
697	-1.090063	216.005517	6.056770	0.000978	0.6
698	-1.110683	216.946650	6.032814	0.000751	0.7
699	-1.146223	216.916827	6.033570	0.000884	0.6
700	-1.117137	217.916775	6.008318	0.000567	0.6
701	-1.096799	217.886952	6.009068	0.000279	0.5
702	-1.084061	217.931590	6.007945	0.000687	0.6
703	-1.124606	217.908369	6.008529	0.000612	0.6
704	-1.122546	217.881110	6.009215	0.000894	0.6
705	-1.107426	218.668438	5.989474	0.000407	0.6
706	-1.151185	219.016418	5.980790	0.001499	0.5
707	-1.132388	219.170155	5.976962	0.000938	0.5
708	-1.138151	220.170125	5.952180	0.000762	0.5
709	-1.120774	220.292122	5.949170	0.001317	0.6
710	-1.108409	220.262300	5.949906	0.001828	0.5
711	-1.122140	220.232482	5.950641	0.001444	0.5
712	-1.068786	221.232482	5.926075	0.000553	0.5
713	-1.114036	222.232480	5.901711	0.000575	0.6
714	-1.122896	222.206399	5.902344	0.001192	0.6
715	-1.135918	222.176590	5.903068	0.000900	0.7
716	-1.123886	223.176590	5.878892	0.000854	0.7
717	-1.119010	223.146768	5.879610	0.001064	0.5
718	-1.093408	223.117041	5.880326	0.001344	0.5
719	-1.128556	224.117041	5.856337	0.000843	0.6
720	-1.130523	225.037840	5.834419	0.001305	0.5
721	-1.110629	225.109449	5.832722	0.000830	0.6
722	-1.120941	226.109448	5.809118	0.001136	0.5
723	-1.114524	227.109448	5.785704	0.001451	0.5
724	-1.169600	228.109448	5.762479	0.000633	0.6
725	-1.105516	229.109349	5.739441	0.000517	0.6
726	-1.092737	229.079884	5.740117	0.000654	0.6
727	-1.147802	229.234068	5.736581	0.000588	0.5
728	-1.103053	229.204246	5.737264	0.001672	0.6
729	-1.122639	230.204246	5.714425	0.001030	0.5
730	-1.140702	231.204246	5.691767	0.000611	0.5
731	-1.133205	231.174469	5.692439	0.000895	0.5
732	-1.109919	231.144648	5.693113	0.001548	0.5
733	-1.125955	232.144648	5.670623	0.000812	0.5
734	-1.129673	232.114826	5.671291	0.001355	0.6
735	-1.078738	233.114826	5.648973	0.000286	0.5
736	-1.120745	233.692613	5.636158	0.000745	0.6
737	-1.099021	234.559941	5.617030	0.000615	0.6
738	-1.129262	234.664253	5.614738	0.000852	0.6
739	-1.114602	234.634430	5.615393	0.001135	0.6
740	-1.106491	234.604608	5.616049	0.000867	0.8
741	-1.122047	234.574908	5.616701	0.001177	0.6
742	-1.107901	235.574908	5.594810	0.000879	0.5
743	-1.114636	235.545095	5.595460	0.001118	0.6
744	-1.135431	235.515273	5.596111	0.001625	0.5
745	-1.082643	235.485451	5.596761	0.000601	0.5
746	-1.085611	235.455628	5.597412	0.001030	0.6
747	-1.112909	235.425811	5.598063	0.000724	0.6
748	-1.121595	236.321320	5.578581	0.000671	0.5
749	-1.122943	236.437879	5.576055	0.002024	0.5
750	-1.123725	236.426985	5.576291	0.000597	0.6
751	-1.066691	236.545500	5.573725	0.001095	0.6
752	-1.095880	237.541120	5.552261	0.001059	0.5
753	-1.109833	237.511297	5.552902	0.001307	0.5
754	-1.108850	237.481475	5.553543	0.001203	0.6
755	-1.138831	238.481475	5.532140	0.001451	0.5
756	-1.141353	238.451652	5.532776	0.001614	0.6
757	-1.087972	238.421830	5.533412	0.001387	0.5
758	-1.108007	238.392007	5.534048	0.001372	0.6
759	-1.123739	238.362185	5.534685	0.000617	0.6
760	-1.112716	238.334001	5.535286	0.001011	0.6
761	-1.127274	238.304209	5.535922	0.001511	0.6
762	-1.106219	239.304209	5.514655	0.001114	0.6
763	-1.114973	239.274386	5.515287	0.000909	0.6
764	-1.153424	240.271373	5.494241	0.001053	0.6
765	-1.152821	240.241551	5.494868	0.000362	0.6
766	-1.122774	240.212010	5.495490	0.000914	0.5
767	-1.090333	240.192060	5.495909	0.001271	0.5
768	-1.128319	240.162237	5.496537	0.001203	0.6
769	-1.120589	240.132415	5.497165	0.001077	0.5
770	-1.101938	241.132415	5.476194	0.000641	0.5
771	-1.142415	242.045967	5.457175	0.001403	0.6
772	-1.115345	242.051626	5.457058	0.001336	0.5
773	-1.092485	242.021804	5.457676	0.000806	0.5
774	-1.136555	241.991981	5.458295	0.000929	0.5
775	-1.092619	242.991811	5.437623	0.001147	0.5
776	-1.099917	242.961989	5.438237	0.001002	0.5
777	-1.071700	243.879471	5.419400	0.000847	0.5
778	-1.108880	243.849648	5.420011	0.000654	0.5
779	-1.132974	243.820792	5.420601	0.000918	0.7
780	-1.119194	244.820762	5.400210	0.001002	0.5
781	-1.096599	244.790940	5.400816	0.000799	0.5
782	-1.099909	245.787732	5.380637	0.001457	0.5
783	-1.136226	245.757911	5.381238	0.001007	0.5
784	-1.094396	245.779387	5.380805	0.000600	0.7
785	-1.118049	246.732506	5.361650	0.000688	0.6
786	-1.098031	246.702740	5.362246	0.001931	0.6
787	-1.123946	247.702740	5.342290	0.000549	0.6
788	-1.114066	247.673202	5.342877	0.000980	0.5
789	-1.102013	248.266726	5.331100	0.000843	0.6
790	-1.129811	249.266714	5.311375	0.001367	0.5
791	-1.093871	249.237093	5.311957	0.000769	0.5
792	-1.085159	250.235852	5.292397	0.000801	0.5
793	-1.137633	250.206030	5.292979	0.002559	0.5
794	-1.118505	250.176208	5.293561	0.001037	0.5
795	-1.116706	250.146385	5.294144	0.001148	0.5
796	-1.136386	250.307574	5.290998	0.001952	0.6
797	-1.106742	250.277752	5.291580	0.001048	0.6
798	-1.142492	250.247929	5.292162	0.000700	0.5
799	-1.136099	251.181589	5.274008	0.001524	0.5
800	-1.114583	251.167207	5.274287	0.001408	0.5
801	-1.103084	251.236344	5.272947	0.001127	0.5
802	-1.113148	252.041555	5.257397	0.000919	0.6
803	-1.119810	253.041554	5.238212	0.001104	0.5
804	-1.129937	253.011732	5.238783	0.000408	0.5
805	-1.123760	253.066321	5.237739	0.001493	0.6
806	-1.116164	253.036502	5.238309	0.001457	0.5
807	-1.105925	253.006679	5.238879	0.001255	0.5
808	-1.088605	252.976857	5.239449	0.001057	0.7
809	-1.111280	252.947034	5.240020	0.000836	0.6
810	-1.117281	252.941050	5.240134	0.000623	0.7
811	-1.123528	253.160539	5.235939	0.001008	0.6
812	-1.094204	253.440114	5.230605	0.001001	0.7
813	-1.138568	254.440114	5.211615	0.001233	0.6
814	-1.119725	255.439949	5.192766	0.000681	0.6
815	-1.140441	255.410127	5.193326	0.000362	0.5
816	-1.087365	256.292966	5.176792	0.001163	0.6
817	-1.171636	256.737649	5.168503	0.001887	0.6
818	-1.135136	256.708113	5.169053	0.000521	0.5
819	-1.123524	256.686663	5.169452	0.000650	0.5
820	-1.113323	256.657584	5.169993	0.001080	0.5
821	-1.075051	256.627780	5.170548	0.000695	0.5
822	-1.125463	256.597958	5.171104	0.000764	0.5
823	-1.133763	256.568759	5.171648	0.000510	0.5
824	-1.122274	256.539167	5.172199	0.000641	0.5
825	-1.110413	256.527619	5.172415	0.000541	0.6
826	-1.133693	256.498777	5.172952	0.000724	0.6
827	-1.092138	256.468990	5.173507	0.000971	0.5
828	-1.110908	257.454559	5.155196	0.000862	0.5
829	-1.127665	258.454413	5.136752	0.001279	0.6
830	-1.097095	259.454413	5.118436	0.001069	0.6
831	-1.115558	260.449527	5.100339	0.001458	0.7
832	-1.096242	261.449476	5.082282	0.000738	0.6
833	-1.103199	261.419654	5.082819	0.001019	0.6
834	-1.095174	261.389831	5.083355	0.000870	0.5
835	-1.117218	262.389831	5.065418	0.000914	0.6
836	-1.121922	263.389090	5.047619	0.000406	0.5
837	-1.108918	263.359295	5.048148	0.001546	0.6
838	-1.083269	263.344299	5.048415	0.001113	0.6
839	-1.101878	263.314478	5.048944	0.000962	0.5
840	-1.110409	264.314462	5.031248	0.000544	0.5
841	-1.076633	264.337324	5.030845	0.000407	0.5
842	-1.101368	265.243101	5.014926	0.000843	0.5
843	-1.138760	266.166803	4.998795	0.001426	0.6
844	-1.098094	266.136980	4.999314	0.001492	0.5
845	-1.128116	266.107158	4.999833	0.000153	0.5
846	-1.042963	266.116573	4.999669	0.001264	0.5
847	-1.119641	266.186671	4.998449	0.001009	0.5
848	-1.127014	266.156848	4.998968	0.000840	0.5
849	-1.108518	266.127050	4.999487	0.000879	0.6
850	-1.145376	266.097227	5.000006	0.000905	0.5
851	-1.104834	266.067405	5.000526	0.000735	0.6
852	-1.126265	266.039605	5.001010	0.001545	0.6
853	-1.123826	267.039605	4.983648	0.000597	0.6
854	-1.124735	267.009782	4.984164	0.001668	0.7
855	-1.137024	268.000808	4.967072	0.000780	0.6
856	-1.124794	267.974871	4.967518	0.000865	0.6
857	-1.137817	267.945048	4.968031	0.001108	0.6
858	-1.131708	268.945048	4.950896	0.000726	0.5
859	-1.096967	268.915227	4.951406	0.001248	0.5
860	-1.104539	268.885404	4.951915	0.001440	0.6
861	-1.102366	269.885404	4.934891	0.001270	0.5
862	-1.139698	270.885404	4.917984	0.001275	0.5
863	-1.109008	271.885404	4.901193	0.000253	0.6
864	-1.106001	272.311462	4.894074	0.000792	0.5
865	-1.105778	272.282791	4.894552	0.000589	0.5
866	-1.132267	273.280629	4.877956	0.001317	0.6
867	-1.109152	273.250896	4.878449	0.001492	0.6
868	-1.108465	274.250896	4.861926	0.000850	0.5
869	-1.105856	274.221074	4.862417	0.000942	0.5
870	-1.085788	274.897626	4.851299	0.000794	0.6
871	-1.119603	275.897623	4.834959	0.000822	0.5
872	-1.103388	276.897587	4.818729	0.001211	0.5
873	-1.122591	277.897356	4.802612	0.001242	0.5
874	-1.085840	277.867534	4.803091	0.000707	0.6
875	-1.123070	278.867525	4.787074	0.000516	0.6
876	-1.130936	278.857135	4.787239	0.000980	0.7
877	-1.089892	278.827313	4.787716	0.000675	0.6
878	-1.091626	278.808476	4.788016	0.001431	0.6
879	-1.163694	279.804502	4.772162	0.001431	0.5
880	-1.098715	280.622758	4.759216	0.000775	0.6
881	-1.118079	281.615458	4.743604	0.000991	0.6
882	-1.124065	281.585636	4.744071	0.000622	0.6
883	-1.123866	281.637464	4.743259	0.001328	0.5
884	-1.114916	281.607642	4.743727	0.000933	0.5
885	-1.116343	281.577821	4.744194	0.000625	0.5
886	-1.130785	281.548002	4.744662	0.000828	0.5
887	-1.120579	282.503081	4.729731	0.001013	0.6
888	-1.117428	282.473865	4.730186	0.000994	0.5
889	-1.100415	282.461698	4.730376	0.000615	0.6
890	-1.090975	282.445170	4.730634	0.000995	0.5
891	-1.115261	282.488328	4.729961	0.001505	0.5
892	-1.122646	282.458506	4.730426	0.001722	0.5
893	-1.120885	282.428688	4.730890	0.001227	0.5
894	-1.134679	283.428521	4.715353	0.001215	0.5
895	-1.074244	283.398699	4.715815	0.000577	0.5
896	-1.092800	283.368878	4.716277	0.001312	0.7
897	-1.127865	284.368875	4.700832	0.001156	0.7
898	-1.114792	285.368875	4.685489	0.001130	0.7
899	-1.103718	286.365888	4.670290	0.000843	0.6
900	-1.109894	287.365711	4.655148	0.001338	0.6
901	-1.125163	287.335889	4.655598	0.000883	0.6
902	-1.091283	287.306066	4.656048	0.000320	0.6
903	-1.120696	287.797880	4.648633	0.001475	0.6
904	-1.103707	288.495387	4.638156	0.001441	0.6
905	-1.145519	288.529472	4.637645	0.000745	0.5
906	-1.126842	288.499649	4.638092	0.000914	0.6
907	-1.109844	288.469894	4.638538	0.000913	0.6
908	-1.116870	289.344901	4.625460	0.000561	0.6
909	-1.119889	289.320758	4.625820	0.001063	0.6
910	-1.123288	289.290939	4.626264	0.001333	0.6
911	-1.111221	290.290875	4.611404	0.001011	0.5
912	-1.085780	290.262676	4.611821	0.000897	0.5
913	-1.135492	290.232854	4.612263	0.000700	0.6
914	-1.129402	291.183312	4.598221	0.000812	0.6
915	-1.105748	292.176941	4.583632	0.000689	0.6
916	-1.132572	292.147510	4.584063	0.000853	0.6
917	-1.101610	292.559602	4.578038	0.001291	0.6
918	-1.136155	292.663487	4.576522	0.000819	0.6
919	-1.078589	292.640600	4.576856	0.001171	0.6
920	-1.122514	293.639065	4.562332	0.000704	0.6
921	-1.120587	293.907442	4.558444	0.001129	0.6
922	-1.119557	293.877713	4.558874	0.000945	0.6
923	-1.143664	293.847891	4.559306	0.000744	0.5
924	-1.091748	294.847866	4.544871	0.001094	0.6
925	-1.107991	295.847865	4.530527	0.001165	0.8
926	-1.100303	296.809621	4.516817	0.001392	0.8
927	-1.111724	297.809621	4.502649	0.000565	0.7
928	-1.086534	297.788383	4.502949	0.000682	0.6
929	-1.088831	298.778971	4.489000	0.000755	0.6
930	-1.093015	299.778925	4.475007	0.001139	0.6
931	-1.112287	300.778925	4.461100	0.000877	0.6
932	-1.107107	300.815606	4.460591	0.000844	0.6
933	-1.116551	300.785784	4.461005	0.001255	0.6
934	-1.089108	300.756421	4.461412	0.000831	0.6
935	-1.112556	301.756419	4.447589	0.000426	0.6
936	-1.127692	301.726603	4.448000	0.001153	0.7
937	-1.057974	301.696784	4.448411	0.000733	0.7
938	-1.137147	302.696784	4.434668	0.000590	0.6
939	-1.124853	302.672343	4.435003	0.000568	0.6
940	-1.104845	302.928165	4.431501	0.000406	0.6
941	-1.102193	302.903203	4.431842	0.001790	0.6
942	-1.106043	303.517457	4.423454	0.000945	0.6
943	-1.098925	304.517457	4.409865	0.001500	0.5
944	-1.146217	304.487635	4.410269	0.001325	0.6
945	-1.122068	304.457812	4.410673	0.000627	0.5
946	-1.091727	304.428016	4.411077	0.000733	0.6
947	-1.099232	304.398234	4.411480	0.001840	0.7
948	-1.113831	304.368460	4.411884	0.002179	0.6
949	-1.097247	304.338637	4.412288	0.000862	0.6
950	-1.107357	305.338637	4.398768	0.001635	0.6
951	-1.145719	305.308815	4.399170	0.000456	0.6
952	-1.131966	306.298720	4.385865	0.000296	0.6
953	-1.088258	306.276216	4.386166	0.000909	0.6
954	-1.093319	306.246409	4.386566	0.000443	0.6
955	-1.114448	306.216616	4.386965	0.000526	0.6
956	-1.125096	306.222320	4.386889	0.000957	0.6
957	-1.114625	306.239836	4.386654	0.000872	0.7
958	-1.111146	306.773093	4.379517	0.001393	0.6
959	-1.107646	306.907628	4.377720	0.001112	0.6
960	-1.104140	306.877805	4.378119	0.001237	0.6
961	-1.062501	307.877805	4.364806	0.000478	0.6
962	-1.130100	308.490694	4.356687	0.000906	0.6
963	-1.087517	308.717451	4.353691	0.001592	0.6
964	-1.113642	309.704023	4.340703	0.000753	0.6
965	-1.160016	310.703905	4.327618	0.000687	0.5
966	-1.096285	310.704126	4.327615	0.000866	0.6
967	-1.142216	310.711121	4.327524	0.001555	0.6
968	-1.138732	310.923515	4.324755	0.000769	0.6
969	-1.128338	310.893692	4.325144	0.001029	0.7
970	-1.100047	310.863870	4.325532	0.000836	0.7
971	-1.111804	310.834096	4.325920	0.000717	0.7
972	-1.115870	311.281495	4.320096	0.001309	0.6
973	-1.096399	311.284056	4.320063	0.001141	0.6
974	-1.088346	311.254233	4.320450	0.000530	0.6
975	-1.121734	312.254225	4.307486	0.000779	0.6
976	-1.127622	312.321829	4.306612	0.001002	0.6
977	-1.124440	313.312279	4.293853	0.000457	0.7
978	-1.110940	313.283065	4.294229	0.000538	0.6
979	-1.140350	314.181495	4.282718	0.000708	0.6
980	-1.118827	314.403346	4.279885	0.000676	0.6
981	-1.179614	315.319423	4.268228	0.001007	0.6
982	-1.117612	315.289662	4.268605	0.001317	0.6
983	-1.117881	315.369306	4.267595	0.000888	0.6
984	-1.109516	315.339484	4.267973	0.000794	0.5
985	-1.110510	316.331436	4.255423	0.000640	0.6
986	-1.074151	316.301616	4.255799	0.000775	0.5
987	-1.101042	316.271795	4.256175	0.001615	0.5
988	-1.138165	316.241972	4.256552	0.000708	0.6
989	-1.097541	316.212150	4.256928	0.001228	0.6
990	-1.149146	316.182459	4.257303	0.001363	0.6
991	-1.091767	317.182457	4.244714	0.001101	0.6
992	-1.107922	317.152635	4.245089	0.001022	0.6
993	-1.128730	317.122812	4.245463	0.000230	0.7
994	-1.115983	317.095253	4.245809	0.000814	0.6
995	-1.108889	317.834736	4.236543	0.001011	0.6
996	-1.103795	318.834736	4.224076	0.001606	0.6
997	-1.124587	319.540455	4.215323	0.000550	0.8
998	-1.111434	320.540455	4.202981	0.001223	0.7
999	-1.116970	321.540451	4.190711	0.001023	0.6
