1:ItNr	2:Metric	3a:Time	3b:StepSize	4:||Gradient||	Time[ms]
0	-0.691368	0.000000	40.901397	0.007150	14.6
1	-0.680970	0.000000	40.901397	0.007779	0.6
2	-0.697407	0.000000	40.901397	0.004466	0.6
3	-0.657446	0.000000	40.901397	0.006391	0.5
4	-0.693702	0.000000	40.901397	0.006001	0.5
5	-0.706291	0.000000	40.901397	0.003150	0.6
6	-0.663073	0.000000	40.901397	0.006508	0.6
7	-0.657644	0.000000	40.901397	0.002690	0.6
8	-0.681564	0.000000	40.901397	0.003864	0.7
9	-0.678235	0.033003	40.837219	0.000531	0.6
10	-0.670774	0.000000	40.901397	0.003079	0.6
11	-0.715166	0.093717	40.719677	0.003603	0.5
12	-0.643468	0.316563	40.293989	0.002800	0.6
13	-0.717171	0.281509	40.360360	0.002204	0.6
14	-0.688011	0.307067	40.311947	0.003042	0.6
15	-0.676980	0.216345	40.484322	0.001973	0.6
16	-0.661099	1.170748	38.741558	0.002103	0.5
17	-0.745186	1.124811	38.821996	0.004054	0.6
18	-0.705674	1.034104	38.981813	0.005923	0.5
19	-0.682879	2.034104	37.289461	0.001706	0.6
20	-0.728171	1.943378	37.436916	0.002699	0.5
21	-0.663979	2.442603	36.639674	0.001064	0.6
22	-0.744641	2.809509	36.075055	0.002632	0.5
23	-0.655392	2.726499	36.201268	0.004625	0.6
24	-0.699936	3.726499	34.737200	0.002389	0.5
25	-0.674243	4.726499	33.386951	0.002056	0.6
26	-0.712483	4.635908	33.504931	0.001966	0.6
27	-0.696917	5.280492	32.683153	0.002164	0.5
28	-0.676876	5.190306	32.795697	0.003405	0.6
29	-0.691919	5.981335	31.834205	0.001854	0.7
30	-0.722309	6.981329	30.696517	0.002058	0.6
31	-0.712323	7.962547	29.656554	0.002691	0.6
32	-0.680146	7.872545	29.749000	0.002442	0.6
33	-0.679149	8.622092	28.996242	0.003427	0.6
34	-0.687546	9.174081	28.465799	0.001787	0.6
35	-0.713685	9.083356	28.551647	0.002390	0.6
36	-0.705558	10.080362	27.635757	0.002257	0.6
37	-0.699805	10.005941	27.702089	0.002194	0.6
38	-0.686086	10.339584	27.407171	0.001758	0.5
39	-0.643117	11.332728	26.565322	0.001969	0.5
40	-0.643576	11.244837	26.637733	0.002236	0.6
41	-0.703121	12.243730	25.837333	0.001716	0.6
42	-0.648152	12.153083	25.907978	0.003537	0.6
43	-0.700957	13.131228	25.165498	0.003972	0.6
44	-0.691669	13.040503	25.232569	0.002743	0.6
45	-0.656778	14.040503	24.512472	0.001945	0.6
46	-0.664683	13.950993	24.575249	0.000657	0.6
47	-0.655320	13.864793	24.636008	0.000862	0.6
48	-0.656312	14.025300	24.523112	0.002125	0.6
49	-0.663790	13.938280	24.584191	0.003132	0.5
50	-0.690044	14.938063	23.900268	0.002448	0.6
51	-0.691830	14.848691	23.959852	0.002047	0.6
52	-0.672364	14.765246	24.015754	0.003644	0.7
53	-0.706677	15.765166	23.362586	0.001692	0.6
54	-0.712303	15.674440	23.420381	0.003718	0.6
55	-0.673141	15.993655	23.218288	0.001253	0.6
56	-0.708901	15.903256	23.275164	0.003690	0.6
57	-0.698506	16.902791	22.661374	0.002653	0.6
58	-0.710426	16.812066	22.715748	0.002102	0.5
59	-0.720682	16.938159	22.640248	0.002485	0.5
60	-0.686637	17.750581	22.165586	0.001491	0.6
61	-0.746882	17.998574	22.024635	0.004579	0.6
62	-0.662958	17.907848	22.075992	0.003962	0.6
63	-0.705442	18.907683	21.522907	0.002927	0.6
64	-0.714399	18.816957	21.571948	0.003760	0.5
65	-0.689655	18.831259	21.564203	0.003072	0.5
66	-0.670117	19.778168	21.063461	0.002070	0.6
67	-0.701170	19.696538	21.105710	0.002157	0.6
68	-0.694695	19.606239	21.152645	0.003953	0.6
69	-0.699662	20.606206	20.644260	0.002995	0.5
70	-0.685650	21.606206	20.159724	0.001806	0.5
71	-0.707449	22.026450	19.962822	0.003042	0.6
72	-0.755438	21.935728	20.005002	0.002847	0.6
73	-0.704900	21.845007	20.047361	0.004093	0.6
74	-0.648049	22.844446	19.590380	0.001451	0.6
75	-0.682290	22.755131	19.630368	0.003080	0.6
76	-0.663808	23.754983	19.191815	0.002672	0.6
77	-0.696405	23.664258	19.230799	0.002072	0.6
78	-0.663441	24.574497	18.846710	0.002701	0.6
79	-0.705549	25.555104	18.449735	0.004159	0.5
80	-0.701092	25.464824	18.485583	0.001776	0.6
81	-0.685750	26.464403	18.096285	0.002997	0.5
82	-0.708996	26.374044	18.130801	0.002497	0.6
83	-0.697827	26.290680	18.162762	0.002755	0.5
84	-0.674767	26.210633	18.193557	0.001944	0.5
85	-0.649819	26.119914	18.228585	0.003426	0.5
86	-0.702836	27.116055	17.851200	0.001865	0.5
87	-0.675799	28.113614	17.488620	0.003894	0.6
88	-0.679582	28.248615	17.440680	0.002766	0.5
89	-0.652741	28.270573	17.432907	0.001676	0.5
90	-0.700909	28.889865	17.216510	0.002723	0.5
91	-0.652708	28.916943	17.207170	0.001319	0.5
92	-0.677051	28.935865	17.200650	0.001017	0.5
93	-0.710195	29.166690	17.121507	0.002535	0.6
94	-0.671066	29.077846	17.151883	0.004949	0.7
95	-0.702772	30.058478	16.822463	0.002369	0.5
96	-0.692909	29.967753	16.852408	0.002576	0.6
97	-0.681603	29.877028	16.882459	0.002922	0.6
98	-0.671819	29.786302	16.912618	0.002897	0.6
99	-0.726345	29.695892	16.942780	0.003375	0.6
100	-0.661277	29.605166	16.973155	0.001951	0.7
101	-0.704115	30.603393	16.644823	0.002820	0.6
102	-0.691825	30.961782	16.530021	0.002797	0.6
103	-0.686451	30.871056	16.558933	0.002185	0.6
104	-0.708604	30.780330	16.587946	0.002996	0.6
105	-0.673466	30.689604	16.617062	0.002939	0.6
106	-0.678556	31.635060	16.318578	0.002984	0.7
107	-0.709735	32.192276	16.147633	0.001661	0.6
108	-0.695236	32.101557	16.175219	0.001351	0.6
109	-0.695624	32.062884	16.187008	0.003570	0.5
110	-0.671081	31.972470	16.214636	0.002211	0.6
111	-0.693442	31.881757	16.242451	0.002937	0.6
112	-0.656473	31.791045	16.270361	0.002028	0.5
113	-0.670027	32.790932	15.967921	0.002282	0.5
114	-0.704452	32.701354	15.994556	0.002044	0.5
115	-0.703785	32.610647	16.021619	0.002902	0.6
116	-0.681755	32.948127	15.921393	0.002026	0.6
117	-0.721501	33.925830	15.637986	0.002159	0.6
118	-0.680077	33.835105	15.663859	0.004115	0.6
119	-0.677083	33.744402	15.689811	0.001857	0.6
120	-0.670802	33.674486	15.709875	0.002998	0.6
121	-0.693510	33.590609	15.734013	0.001444	0.6
122	-0.717300	34.356887	15.516215	0.003172	0.6
123	-0.703953	34.267399	15.541338	0.003652	0.6
124	-0.692466	35.266890	15.265271	0.001973	0.6
125	-0.694723	35.176272	15.289896	0.002539	0.6
126	-0.678558	35.085553	15.314627	0.001870	0.6
127	-0.664732	34.994828	15.339441	0.002512	0.5
128	-0.680068	35.649064	15.162287	0.003119	0.6
129	-0.710259	35.620255	15.170001	0.003762	0.6
130	-0.666580	35.529530	15.194348	0.002094	0.6
131	-0.709632	35.438804	15.218773	0.002960	0.6
132	-0.663878	36.438740	14.953833	0.004249	0.6
133	-0.664565	37.438740	14.697944	0.001078	0.6
134	-0.721081	37.673572	14.639118	0.003789	0.5
135	-0.693874	38.662911	14.396370	0.001228	0.6
136	-0.708882	39.217201	14.263854	0.004513	0.6
137	-0.654135	39.130131	14.284508	0.002398	0.6
138	-0.689040	40.130124	14.050836	0.002527	0.6
139	-0.726498	40.039493	14.071699	0.002851	0.6
140	-0.676755	39.948976	14.092597	0.001980	0.6
141	-0.723309	39.858250	14.113606	0.001949	0.6
142	-0.718249	40.855034	13.886167	0.003056	0.6
143	-0.683019	40.764312	13.906564	0.001347	0.6
144	-0.684295	41.731694	13.692111	0.002923	0.6
145	-0.688840	41.642383	13.711633	0.002272	0.5
146	-0.690344	41.558947	13.729920	0.002017	0.6
147	-0.718106	41.468228	13.749859	0.003314	0.6
148	-0.695811	41.379051	13.769516	0.001731	0.5
149	-0.698814	42.239425	13.582182	0.002286	0.5
150	-0.682882	43.209900	13.376899	0.001673	0.5
151	-0.750507	43.451763	13.326701	0.003448	0.5
152	-0.701769	43.789421	13.257247	0.002706	0.5
153	-0.668229	43.698793	13.275817	0.002561	0.5
154	-0.703098	43.608073	13.294459	0.001872	0.5
155	-0.683483	43.559929	13.304372	0.002027	0.6
156	-0.685067	44.554818	13.102459	0.004988	0.6
157	-0.731720	44.464092	13.120618	0.002097	0.6
158	-0.689566	45.464092	12.923209	0.003560	0.6
159	-0.735440	46.382159	12.747133	0.002987	0.6
160	-0.714188	46.465030	12.731475	0.003418	0.7
161	-0.711212	47.465004	12.545524	0.002057	0.6
162	-0.662282	47.374302	12.562166	0.002820	0.6
163	-0.733647	48.329483	12.389092	0.004761	0.6
164	-0.662112	48.249168	12.403461	0.001353	0.6
165	-0.673017	49.039398	12.263517	0.003557	0.6
166	-0.696131	48.951216	12.278977	0.003393	0.6
167	-0.696882	49.951216	12.105914	0.003519	0.6
168	-0.693726	50.947917	11.938210	0.003337	0.6
169	-0.686262	51.947917	11.774556	0.001059	0.6
170	-0.710291	51.860896	11.788619	0.001499	0.5
171	-0.669518	51.776547	11.802282	0.002592	0.6
172	-0.662790	51.685992	11.816986	0.004584	0.6
173	-0.679866	52.444514	11.694942	0.001459	0.5
174	-0.744855	52.353788	11.709407	0.001358	0.5
175	-0.668567	52.747854	11.646838	0.003414	0.6
176	-0.703751	52.679083	11.657709	0.003492	0.5
177	-0.652989	53.614867	11.511504	0.001642	0.6
178	-0.665332	53.524149	11.525517	0.002670	0.6
179	-0.666724	53.433489	11.539555	0.001319	0.6
180	-0.668987	53.362402	11.550586	0.003145	0.6
181	-0.643507	53.271678	11.564696	0.004161	0.7
182	-0.681213	53.866050	11.472882	0.002230	0.6
183	-0.675782	54.866050	11.321656	0.002964	0.6
184	-0.684314	54.777389	11.334903	0.002079	0.6
185	-0.679247	55.777360	11.187274	0.002717	0.6
186	-0.672563	55.686653	11.200506	0.003131	0.5
187	-0.694379	55.596101	11.213748	0.002003	0.5
188	-0.687227	56.589689	11.070148	0.001877	0.6
189	-0.698488	56.498989	11.083104	0.002373	0.6
190	-0.691211	56.803393	11.039741	0.003295	0.6
191	-0.681803	57.801307	10.899938	0.001388	0.6
192	-0.713521	57.710589	10.912501	0.002569	0.6
193	-0.718869	57.697763	10.914279	0.003509	0.6
194	-0.686772	58.670183	10.781064	0.002617	0.6
195	-0.682123	59.596486	10.657156	0.003810	0.6
196	-0.717341	59.505761	10.669166	0.003424	0.6
197	-0.667393	60.141464	10.585579	0.002382	0.5
198	-0.664590	60.075366	10.594209	0.002059	0.6
199	-0.677939	59.990268	10.605340	0.004482	0.6
200	-0.678330	60.161985	10.582902	0.002516	0.6
201	-0.696305	60.071259	10.594745	0.002819	0.6
202	-0.726832	59.980652	10.606599	0.003138	0.7
203	-0.675758	59.966187	10.608494	0.002847	0.6
204	-0.704988	60.966119	10.479078	0.001937	0.7
205	-0.710626	61.638519	10.393813	0.001688	0.7
206	-0.697718	61.550137	10.404941	0.001944	0.6
207	-0.682516	61.459689	10.416354	0.002503	0.6
208	-0.709672	61.519118	10.408853	0.001969	0.6
209	-0.683843	62.276705	10.314161	0.002995	0.5
210	-0.685719	62.186164	10.325387	0.003074	0.6
211	-0.712925	62.324303	10.308269	0.002677	0.6
212	-0.691413	63.289772	10.190197	0.002202	0.6
213	-0.687643	63.275375	10.191937	0.004083	0.6
214	-0.639314	64.275375	10.072419	0.002758	0.6
215	-0.676443	64.184801	10.083129	0.002647	0.6
216	-0.695865	65.184798	9.966135	0.003954	0.6
217	-0.691813	66.184798	9.851825	0.002236	0.6
218	-0.686419	66.094072	9.862087	0.002497	0.6
219	-0.665678	67.094036	9.750142	0.003644	0.6
220	-0.730779	67.003393	9.760184	0.003263	0.6
221	-0.689594	66.912672	9.770256	0.002848	0.5
222	-0.685968	67.905505	9.661149	0.003052	0.6
223	-0.682126	68.105430	9.639473	0.002120	0.6
224	-0.688752	68.030962	9.647535	0.003070	0.6
225	-0.683619	67.940848	9.657310	0.002154	0.6
226	-0.663123	68.936831	9.550363	0.003167	0.6
227	-0.701919	69.618595	9.478511	0.002747	0.6
228	-0.690390	70.612016	9.375728	0.003166	0.6
229	-0.689642	70.521291	9.385022	0.002144	0.5
230	-0.683838	71.323249	9.303500	0.002803	0.6
231	-0.686728	71.232524	9.312651	0.001570	0.6
232	-0.686551	72.231826	9.212834	0.004453	0.6
233	-0.684045	72.147408	9.221184	0.003366	0.6
234	-0.719030	73.147408	9.123239	0.003149	0.6
235	-0.694037	74.140847	9.027977	0.001939	0.6
236	-0.681475	74.050153	9.036591	0.001494	0.6
237	-0.697257	74.895603	8.956921	0.001717	0.6
238	-0.679387	74.807029	8.965202	0.001857	0.6
239	-0.715198	74.716392	8.973691	0.002272	0.5
240	-0.713648	75.565501	8.894785	0.006021	0.6
241	-0.693652	75.474775	8.903149	0.002536	0.5
242	-0.677567	75.384049	8.911530	0.002786	0.5
243	-0.706373	76.383874	8.820037	0.002288	0.6
244	-0.674083	77.383784	8.730395	0.002087	0.6
245	-0.679389	77.324226	8.735684	0.004302	0.6
246	-0.682146	77.234122	8.743696	0.003707	0.5
247	-0.668814	78.234122	8.655585	0.002854	0.5
248	-0.665272	78.143396	8.663505	0.003026	0.6
249	-0.701782	79.143387	8.576995	0.005160	0.6
250	-0.734580	80.143383	8.492195	0.003333	0.5
251	-0.664282	81.143383	8.409055	0.003070	0.5
252	-0.682746	82.137707	8.327986	0.002378	0.6
253	-0.676767	82.985882	8.260057	0.002718	0.6
254	-0.717791	83.880740	8.189581	0.003382	0.6
255	-0.707372	84.879116	8.112358	0.005551	0.6
256	-0.698260	85.879116	8.036456	0.002461	0.6
257	-0.698508	86.870402	7.962604	0.001779	0.6
258	-0.730092	87.040855	7.950042	0.003083	0.7
259	-0.659038	86.950131	7.956724	0.001163	0.6
260	-0.697424	87.740861	7.898865	0.001491	0.6
261	-0.695818	87.846661	7.891187	0.003353	0.6
262	-0.701365	88.845599	7.819424	0.002480	0.6
263	-0.710607	88.754873	7.825888	0.003017	0.6
264	-0.675481	89.753475	7.755326	0.004875	0.6
265	-0.656159	90.753475	7.685930	0.002153	0.6
266	-0.632450	91.753475	7.617764	0.001119	0.6
267	-0.706146	91.662988	7.623882	0.000755	0.6
268	-0.653452	91.761574	7.617217	0.001483	0.5
269	-0.675325	91.692062	7.621915	0.003105	0.6
270	-0.688229	92.537424	7.565165	0.001596	0.5
271	-0.693004	92.446703	7.571215	0.001876	0.5
272	-0.698332	92.401237	7.574250	0.001935	0.6
273	-0.718174	92.310840	7.580293	0.003081	0.5
274	-0.695949	92.220186	7.586362	0.002713	0.5
275	-0.691037	93.220186	7.519943	0.002204	0.6
276	-0.687907	93.129490	7.525919	0.002661	0.5
277	-0.675300	93.038764	7.531907	0.002895	0.7
278	-0.720496	92.948039	7.537904	0.002693	0.5
279	-0.687199	93.947241	7.472379	0.002864	0.6
280	-0.690292	94.946912	7.407954	0.001915	0.6
281	-0.697766	94.882034	7.412101	0.002790	0.6
282	-0.691641	95.508052	7.372275	0.003174	0.6
283	-0.668020	96.507977	7.309541	0.004088	0.5
284	-0.655676	96.425237	7.314691	0.002159	0.5
285	-0.711771	97.425237	7.252925	0.003150	0.5
286	-0.686554	98.396330	7.193934	0.001749	0.5
287	-0.704999	98.305605	7.199405	0.001337	0.6
288	-0.689023	99.264349	7.142011	0.002890	0.5
289	-0.691251	99.953554	7.101315	0.001299	0.5
290	-0.662412	99.862913	7.106641	0.003034	0.6
291	-0.642195	99.772707	7.111949	0.001225	0.6
292	-0.644904	99.783339	7.111323	0.004454	0.5
293	-0.679385	99.692686	7.116664	0.001904	0.5
294	-0.661347	99.601961	7.122018	0.002107	0.6
295	-0.673303	99.589848	7.122733	0.001265	0.5
296	-0.706345	99.548900	7.125153	0.004958	0.5
297	-0.704229	99.458178	7.130519	0.000798	0.5
298	-0.661062	99.376431	7.135361	0.003215	0.5
299	-0.684216	99.333453	7.137910	0.002537	0.5
300	-0.701032	99.242728	7.143296	0.002566	0.5
301	-0.672176	100.242499	7.084392	0.004338	0.5
302	-0.723860	101.242488	7.026439	0.002681	0.5
303	-0.667256	101.151762	7.031657	0.003341	0.6
304	-0.688672	101.061038	7.036884	0.002702	0.6
305	-0.700965	102.060654	6.979724	0.001891	0.6
306	-0.715378	103.042669	6.924467	0.001919	0.6
307	-0.667048	103.941214	6.874668	0.001672	0.6
308	-0.708961	104.848256	6.825119	0.003027	0.5
309	-0.679450	105.038980	6.814791	0.002839	0.6
310	-0.691835	106.038980	6.761148	0.002957	0.5
311	-0.670366	105.948254	6.765980	0.002832	0.6
312	-0.707027	106.482824	6.737608	0.005409	0.6
313	-0.687326	107.482824	6.685169	0.003293	0.5
314	-0.716564	108.089819	6.653734	0.002954	0.6
315	-0.673319	108.035787	6.656520	0.002403	0.5
316	-0.694338	109.026706	6.605792	0.001684	0.6
317	-0.732681	108.945837	6.609903	0.003029	0.6
318	-0.700371	109.338056	6.590012	0.003346	0.5
319	-0.681193	109.247331	6.594602	0.001276	0.5
320	-0.737820	109.201364	6.596930	0.004844	0.5
321	-0.704762	110.065384	6.553442	0.003108	0.5
322	-0.675392	110.122725	6.550576	0.003307	0.6
323	-0.710348	110.032031	6.555110	0.004415	0.5
324	-0.699515	111.032031	6.505462	0.002053	0.5
325	-0.674203	112.032025	6.456561	0.001135	0.5
326	-0.714146	112.976854	6.411028	0.003796	0.5
327	-0.687772	112.886142	6.415372	0.003187	0.6
328	-0.695828	113.886142	6.367810	0.001530	0.6
329	-0.731914	114.879548	6.321255	0.003698	0.6
330	-0.675692	115.670537	6.284671	0.002733	0.5
331	-0.686395	115.579812	6.288846	0.002027	0.6
332	-0.674646	115.489642	6.293000	0.002804	0.6
333	-0.693989	115.399826	6.297144	0.003302	0.6
334	-0.666485	115.309121	6.301334	0.002197	0.5
335	-0.676089	116.304071	6.255673	0.004145	0.6
336	-0.665693	116.213522	6.259801	0.002467	0.5
337	-0.657116	117.206893	6.214808	0.003206	0.6
338	-0.687619	117.126304	6.218434	0.003566	0.5
339	-0.714424	117.035578	6.222521	0.005668	0.6
340	-0.680228	118.035578	6.177767	0.002104	0.6
341	-0.689373	119.035480	6.133655	0.002795	0.5
342	-0.674113	118.944755	6.137632	0.002310	0.5
343	-0.736800	119.872246	6.097222	0.004088	0.5
344	-0.653221	119.781643	6.101146	0.001925	0.5
345	-0.699192	119.690917	6.105080	0.002173	0.5
346	-0.687442	119.600194	6.109020	0.003516	0.5
347	-0.711033	119.532115	6.111979	0.003622	0.5
348	-0.692590	120.530184	6.068877	0.003621	0.5
349	-0.721525	121.526798	6.026441	0.005295	0.5
350	-0.675777	121.436072	6.030280	0.001418	0.5
351	-0.646765	122.436072	5.988238	0.003743	0.6
352	-0.681222	123.432211	5.946938	0.001377	0.6
353	-0.658586	124.097959	5.919651	0.002752	0.6
354	-0.719805	124.009141	5.923277	0.004562	0.7
355	-0.711818	123.918415	5.926985	0.003922	0.6
356	-0.696240	123.827690	5.930698	0.002364	0.6
357	-0.694881	123.736964	5.934416	0.002010	0.5
358	-0.695097	123.646388	5.938132	0.002780	0.5
359	-0.675478	123.556014	5.941844	0.002786	0.5
360	-0.693584	123.465288	5.945576	0.002550	0.5
361	-0.714685	123.374617	5.949310	0.002720	0.6
362	-0.724156	123.316712	5.951697	0.002967	0.5
363	-0.697560	123.225986	5.955441	0.004027	0.5
364	-0.685588	124.225986	5.914433	0.003911	0.5
365	-0.681025	125.225986	5.873986	0.002364	0.5
366	-0.689943	125.135818	5.877610	0.002147	0.5
367	-0.703190	125.045093	5.881261	0.001897	0.5
368	-0.679241	124.954370	5.884917	0.003396	0.5
369	-0.673361	124.863646	5.888577	0.002515	0.5
370	-0.675350	124.772920	5.892242	0.002738	0.5
371	-0.693593	124.682194	5.895912	0.003205	0.5
372	-0.721660	124.591470	5.899586	0.002348	0.5
373	-0.694529	125.562858	5.860484	0.001595	0.6
374	-0.694505	125.472842	5.864086	0.002504	0.5
375	-0.703563	126.472273	5.824345	0.001896	0.5
376	-0.696604	127.360979	5.789456	0.001902	0.6
377	-0.719191	127.273084	5.792888	0.001507	0.7
378	-0.687173	127.263530	5.793261	0.002601	0.7
379	-0.701277	128.262411	5.754492	0.003971	0.6
380	-0.699319	129.262406	5.716196	0.004039	0.6
381	-0.672305	130.262406	5.678406	0.003864	0.6
382	-0.691873	131.262406	5.641112	0.002596	0.5
383	-0.704192	132.262406	5.604305	0.001521	0.6
384	-0.662473	132.171752	5.607622	0.003038	0.5
385	-0.698801	132.081027	5.610946	0.002834	0.5
386	-0.746376	133.080974	5.574532	0.001583	0.6
387	-0.693914	132.990403	5.577811	0.003866	0.5
388	-0.701583	132.899678	5.581099	0.001702	0.5
389	-0.684645	132.809110	5.584385	0.001107	0.5
390	-0.683226	133.677820	5.553022	0.002949	0.5
391	-0.667368	134.608163	5.519822	0.001800	0.5
392	-0.700762	134.607167	5.519857	0.002827	0.6
393	-0.666423	135.607007	5.484616	0.003083	0.5
394	-0.710088	135.516281	5.487795	0.003903	0.5
395	-0.651083	136.516281	5.452956	0.002874	0.5
396	-0.654206	137.516281	5.418556	0.001938	0.5
397	-0.663567	137.539567	5.417760	0.001251	0.7
398	-0.679568	137.449330	5.420846	0.000490	0.5
399	-0.703903	137.402155	5.422460	0.004741	0.7
400	-0.683819	137.347558	5.424330	0.000511	0.7
401	-0.672782	137.288695	5.426347	0.003846	0.7
402	-0.721341	137.211204	5.429005	0.003853	0.6
403	-0.686967	138.211076	5.394909	0.002157	0.6
404	-0.711621	138.120354	5.397985	0.004083	0.6
405	-0.682550	138.030521	5.401035	0.001134	0.5
406	-0.672020	137.939849	5.404116	0.002663	0.6
407	-0.694708	138.125238	5.397820	0.001967	0.5
408	-0.708274	138.034624	5.400895	0.003748	0.5
409	-0.683998	137.943899	5.403978	0.003357	0.5
410	-0.654770	138.036229	5.400841	0.001690	0.5
411	-0.676155	137.945504	5.403923	0.002120	0.6
412	-0.685524	138.762718	5.376281	0.002349	0.6
413	-0.708468	138.672015	5.379336	0.002444	0.6
414	-0.706851	139.540746	5.350226	0.002099	0.5
415	-0.675563	139.450020	5.353252	0.002936	0.6
416	-0.671753	139.751985	5.343196	0.001620	0.5
417	-0.676658	140.738681	5.310599	0.002470	0.6
418	-0.676070	140.649785	5.313520	0.002857	0.5
419	-0.709455	140.559059	5.316504	0.002316	0.5
420	-0.709017	141.554777	5.283938	0.002205	0.6
421	-0.695513	141.763563	5.277160	0.003419	0.8
422	-0.664551	142.763563	5.244936	0.002488	0.7
423	-0.693952	143.260847	5.229057	0.003151	0.7
424	-0.695962	143.170209	5.231944	0.002513	0.6
425	-0.700040	143.166458	5.232064	0.003306	0.6
426	-0.695928	144.142338	5.201146	0.001499	0.5
427	-0.712477	145.142242	5.169843	0.001593	0.6
428	-0.659002	145.509428	5.158443	0.002470	0.6
429	-0.684185	145.418704	5.161255	0.003696	0.6
430	-0.684532	146.418701	5.130427	0.004334	0.6
431	-0.728392	146.331800	5.133091	0.003395	0.6
432	-0.725673	147.228400	5.105733	0.003050	0.5
433	-0.674570	147.138289	5.108470	0.001764	0.6
434	-0.674221	147.069528	5.110560	0.002958	0.6
435	-0.691874	146.990946	5.112950	0.003139	0.6
436	-0.695815	147.990940	5.082695	0.002974	0.6
437	-0.728290	148.963165	5.053621	0.001199	0.5
438	-0.721005	148.872470	5.056319	0.005480	0.6
439	-0.651784	148.782704	5.058992	0.001302	0.5
440	-0.676424	148.692134	5.061692	0.005002	0.6
441	-0.685307	148.601410	5.064400	0.001786	0.6
442	-0.715983	148.537520	5.066308	0.002815	0.6
443	-0.704933	149.391896	5.040905	0.002112	0.6
444	-0.700558	149.380258	5.041249	0.002284	0.6
445	-0.670775	149.289562	5.043934	0.004627	0.6
446	-0.690460	149.198837	5.046623	0.003565	0.6
447	-0.702840	149.123875	5.048847	0.004274	0.6
448	-0.676369	149.033150	5.051540	0.002311	0.5
449	-0.698439	148.967664	5.053487	0.001988	0.6
450	-0.679360	148.876939	5.056186	0.002121	0.6
451	-0.680516	148.786370	5.058883	0.002588	0.6
452	-0.703291	148.904500	5.055365	0.003030	0.5
453	-0.691057	149.904499	5.025785	0.003254	0.5
454	-0.680146	150.904499	4.996550	0.004273	0.6
455	-0.693208	151.903025	4.967694	0.003795	0.6
456	-0.677495	151.812299	4.970302	0.003047	0.6
457	-0.685965	152.812298	4.941706	0.003252	0.6
458	-0.687836	153.812298	4.913438	0.002255	0.7
459	-0.691736	153.889010	4.911283	0.002853	0.7
460	-0.709816	153.798287	4.913832	0.001759	0.7
461	-0.729930	153.720514	4.916019	0.003713	0.6
462	-0.700099	154.717162	4.888136	0.003246	0.7
463	-0.672619	154.653024	4.889921	0.002049	0.6
464	-0.688208	154.562644	4.892438	0.002296	0.6
465	-0.713820	154.471920	4.894967	0.003553	0.6
466	-0.731732	154.386977	4.897338	0.003778	0.8
467	-0.707703	154.296251	4.899873	0.003299	0.6
468	-0.721202	154.205526	4.902410	0.002278	0.8
469	-0.668440	154.115184	4.904939	0.002987	0.6
470	-0.717052	155.114884	4.877097	0.003670	0.6
471	-0.712620	155.141827	4.876351	0.002508	0.6
472	-0.694379	155.600780	4.863678	0.001760	0.6
473	-0.691235	155.510072	4.866178	0.001858	0.7
474	-0.673297	155.923112	4.854817	0.002646	0.6
475	-0.706550	155.832419	4.857307	0.002075	0.5
476	-0.671916	156.832399	4.829994	0.001641	0.6
477	-0.669715	156.741808	4.832455	0.002931	0.6
478	-0.715013	156.652212	4.834892	0.002462	0.6
479	-0.710441	156.562796	4.837327	0.003813	0.6
480	-0.691983	157.562760	4.810238	0.001580	0.6
481	-0.695966	157.472521	4.812670	0.002020	0.6
482	-0.708132	158.227740	4.792391	0.003174	0.6
483	-0.676734	158.137166	4.794814	0.001968	0.6
484	-0.690534	158.312073	4.790137	0.002531	0.6
485	-0.697597	158.229035	4.792356	0.002089	0.6
486	-0.687935	158.140741	4.794718	0.003138	0.7
487	-0.681552	159.140737	4.768102	0.004407	0.8
488	-0.693939	159.119505	4.768664	0.001827	0.6
489	-0.713078	160.119499	4.742335	0.001696	0.6
490	-0.694407	160.477368	4.732983	0.002178	0.6
491	-0.680903	161.476411	4.707071	0.002592	0.6
492	-0.707785	161.767357	4.699577	0.002110	0.7
493	-0.698413	162.754912	4.674320	0.002502	0.6
494	-0.719376	162.664187	4.676629	0.002658	0.6
495	-0.686757	162.573468	4.678941	0.000877	0.7
496	-0.693235	162.607168	4.678082	0.000939	0.6
497	-0.696373	162.977867	4.668656	0.002759	0.7
498	-0.681572	162.984458	4.668489	0.001690	0.7
499	-0.702533	162.893738	4.670792	0.004575	0.6
500	-0.701949	163.893281	4.645541	0.005225	0.6
501	-0.680434	163.812977	4.647560	0.003617	0.8
502	-0.684088	164.812977	4.622548	0.001646	0.6
503	-0.673975	164.722540	4.624799	0.003338	0.6
504	-0.655871	165.647239	4.601886	0.002781	0.6
505	-0.698302	166.361993	4.584331	0.001859	0.8
506	-0.726672	166.273635	4.586494	0.003235	0.7
507	-0.714515	166.182912	4.588717	0.002228	0.6
508	-0.712552	167.182912	4.564332	0.002915	0.6
509	-0.687539	167.092238	4.566533	0.002509	0.5
510	-0.707589	167.001512	4.568736	0.001742	0.6
511	-0.703839	166.971297	4.569471	0.003002	0.6
512	-0.682668	167.971251	4.545291	0.002227	0.6
513	-0.670458	168.971230	4.521365	0.003858	0.5
514	-0.672347	168.881268	4.523508	0.002435	0.6
515	-0.667730	169.881268	4.499809	0.002572	0.5
516	-0.691530	170.343139	4.488948	0.002541	0.6
517	-0.685867	170.252413	4.491077	0.002526	0.6
518	-0.710411	170.164841	4.493134	0.001995	0.6
519	-0.714102	170.454010	4.486348	0.004274	0.6
520	-0.701338	170.378362	4.488122	0.001451	0.5
521	-0.692697	170.287636	4.490250	0.003768	0.5
522	-0.682358	170.247183	4.491200	0.002743	0.7
523	-0.690630	171.247183	4.467838	0.002519	0.9
524	-0.675122	172.189184	4.446053	0.005259	0.7
525	-0.708340	172.098458	4.448142	0.000897	0.6
526	-0.699540	172.055041	4.449142	0.002832	0.6
527	-0.699148	171.964648	4.451226	0.002668	0.5
528	-0.692245	172.195158	4.445915	0.002250	0.5
529	-0.703910	172.104453	4.448004	0.004366	0.6
530	-0.752439	172.054837	4.449147	0.002872	0.6
531	-0.693787	173.054787	4.426221	0.003012	0.6
532	-0.668987	174.052779	4.403574	0.002789	0.6
533	-0.703023	173.962053	4.405623	0.001740	0.5
534	-0.665720	173.871796	4.407664	0.002253	0.6
535	-0.706233	173.781664	4.409703	0.001720	0.5
536	-0.671622	173.697069	4.411619	0.000930	0.6
537	-0.667005	173.830755	4.408592	0.004588	0.5
538	-0.701429	173.740039	4.410646	0.003835	0.5
539	-0.693233	174.740039	4.388113	0.001509	0.5
540	-0.657539	175.462771	4.371970	0.002313	0.5
541	-0.672287	175.402191	4.373319	0.002188	0.6
542	-0.720050	176.402123	4.351166	0.002918	0.5
543	-0.689016	176.322887	4.352913	0.002933	0.8
544	-0.684117	176.232161	4.354915	0.003558	0.6
545	-0.710929	176.288527	4.353671	0.002990	0.6
546	-0.723545	176.198242	4.355664	0.002054	0.6
547	-0.688916	176.107875	4.357661	0.001839	0.6
548	-0.685153	176.017161	4.359668	0.002384	0.6
549	-0.715023	175.926436	4.361676	0.002448	0.8
550	-0.682479	176.924993	4.339671	0.003072	0.6
551	-0.699471	177.920509	4.317953	0.001393	0.7
552	-0.706215	178.920256	4.296360	0.001581	0.6
553	-0.662178	179.736962	4.278880	0.002210	0.6
554	-0.674652	179.649183	4.280752	0.002911	0.8
555	-0.709993	179.561068	4.282632	0.002312	0.6
556	-0.704905	179.470350	4.284570	0.004892	0.6
557	-0.651749	179.379624	4.286510	0.002350	0.5
558	-0.704959	180.377612	4.265267	0.002404	0.6
559	-0.671022	180.286886	4.267190	0.002622	0.5
560	-0.694085	180.196160	4.269114	0.002087	0.6
561	-0.688646	181.194782	4.248029	0.004431	0.5
562	-0.712560	182.194782	4.227123	0.001565	0.5
563	-0.700779	182.171850	4.227600	0.002257	0.6
564	-0.705460	183.106157	4.208248	0.002111	0.6
565	-0.689352	183.016293	4.210102	0.002054	0.6
566	-0.700195	184.015480	4.189583	0.002041	0.5
567	-0.720100	184.420051	4.181332	0.000493	0.6
568	-0.687515	184.470982	4.180295	0.003855	0.6
569	-0.671728	184.381771	4.182111	0.002250	0.6
570	-0.675523	185.381771	4.161847	0.001583	0.6
571	-0.678729	186.147320	4.146466	0.001319	0.6
572	-0.691422	186.088405	4.147646	0.002872	0.6
573	-0.710427	186.452121	4.140374	0.004370	0.7
574	-0.688947	186.361536	4.142183	0.001022	0.8
575	-0.676093	186.271324	4.143985	0.001950	0.6
576	-0.699458	186.220630	4.144999	0.002617	0.6
577	-0.659514	187.220582	4.125093	0.001641	0.6
578	-0.704932	187.328250	4.122961	0.001612	0.6
579	-0.677294	187.339361	4.122742	0.002763	0.6
580	-0.694554	187.250943	4.124492	0.003401	0.6
581	-0.674853	187.194895	4.125602	0.003073	0.6
582	-0.672038	188.127631	4.107202	0.002164	0.6
583	-0.708365	188.039323	4.108937	0.002682	0.6
584	-0.687128	188.402292	4.101814	0.002953	0.6
585	-0.701185	189.402292	4.082319	0.003340	0.5
586	-0.718153	190.401550	4.063023	0.004923	0.6
587	-0.706869	190.310824	4.064767	0.002030	0.5
588	-0.661307	191.307201	4.045691	0.003262	0.6
589	-0.688202	191.216495	4.047420	0.002870	0.5
590	-0.695969	191.134194	4.048991	0.002149	0.5
591	-0.695756	192.123534	4.030195	0.003093	0.5
592	-0.692056	192.032808	4.031911	0.002428	0.5
593	-0.685891	193.032807	4.013073	0.001778	0.5
594	-0.709159	194.017517	3.994695	0.001486	0.5
595	-0.712083	194.493800	3.985866	0.002797	0.5
596	-0.673184	194.444757	3.986773	0.003879	0.6
597	-0.716795	194.354035	3.988453	0.004686	0.6
598	-0.662733	194.499227	3.985765	0.001339	0.6
599	-0.728541	195.464043	3.968000	0.001593	0.6
600	-0.682815	195.390128	3.969355	0.001907	0.5
601	-0.640058	195.299742	3.971014	0.002403	0.5
602	-0.694011	195.209022	3.972680	0.001822	0.5
603	-0.717620	196.208784	3.954395	0.000948	0.5
604	-0.697468	196.125342	3.955915	0.002194	0.5
605	-0.710652	196.104878	3.956288	0.001404	0.5
606	-0.709114	196.897349	3.941899	0.002637	0.6
607	-0.661505	197.002506	3.939998	0.002790	0.5
608	-0.660898	197.911349	3.923640	0.004144	0.5
609	-0.702304	197.820625	3.925267	0.002962	0.5
610	-0.713938	197.760039	3.926354	0.003189	0.6
611	-0.688713	197.669533	3.927979	0.002642	0.5
612	-0.687203	198.207855	3.918333	0.002220	0.5
613	-0.694972	198.451403	3.913984	0.002639	0.6
614	-0.717894	198.361757	3.915584	0.002152	0.5
615	-0.722040	199.361610	3.897818	0.001840	0.6
616	-0.677775	199.815813	3.889800	0.002312	0.5
617	-0.665363	199.726191	3.891379	0.001773	0.5
618	-0.675951	199.678914	3.892213	0.003258	0.5
619	-0.700089	199.914404	3.888064	0.002058	0.6
620	-0.724456	200.862527	3.871448	0.002590	0.6
621	-0.671444	200.871793	3.871287	0.003459	0.7
622	-0.685667	201.871793	3.853917	0.004135	0.6
623	-0.682231	202.871793	3.836702	0.002282	0.5
624	-0.693614	202.781067	3.838257	0.002492	0.5
625	-0.682414	202.692554	3.839776	0.003792	0.5
626	-0.677374	202.602056	3.841330	0.003311	0.5
627	-0.705243	203.602056	3.824227	0.001030	0.5
628	-0.694104	203.511576	3.825769	0.002591	0.6
629	-0.700975	204.072988	3.816226	0.004853	0.6
630	-0.725480	203.982263	3.817765	0.001633	0.6
631	-0.703397	204.982247	3.800871	0.002557	0.6
632	-0.665856	204.891560	3.802397	0.001527	0.6
633	-0.682930	205.713617	3.788609	0.002451	0.6
634	-0.704067	205.623946	3.790108	0.002683	0.6
635	-0.675281	206.623412	3.773467	0.002117	0.5
636	-0.711423	206.565400	3.774429	0.002625	0.6
637	-0.725728	207.564355	3.757932	0.002801	0.5
638	-0.729308	207.473632	3.759424	0.003261	0.5
639	-0.711796	208.473546	3.743043	0.002357	0.5
640	-0.691261	209.473114	3.726809	0.001210	0.6
641	-0.705208	209.715506	3.722894	0.001906	0.5
642	-0.662545	210.636888	3.708085	0.004182	0.5
643	-0.662609	210.546177	3.709538	0.001729	0.5
644	-0.669631	211.527766	3.693879	0.003500	0.7
645	-0.673153	212.527763	3.678061	0.002868	0.6
646	-0.688122	212.817069	3.673510	0.002601	0.6
647	-0.668878	212.726343	3.674936	0.001836	0.6
648	-0.659712	212.672137	3.675788	0.001624	0.5
649	-0.688015	212.593989	3.677018	0.002884	0.7
650	-0.678732	212.508479	3.678365	0.002956	0.5
651	-0.708445	212.417886	3.679792	0.002041	0.6
652	-0.713754	212.449588	3.679293	0.003035	0.5
653	-0.697013	213.026121	3.670229	0.003049	0.5
654	-0.675898	213.997283	3.655061	0.001891	0.7
655	-0.702799	213.906663	3.656471	0.002714	0.6
656	-0.676747	214.510275	3.647099	0.002853	0.6
657	-0.705884	214.419550	3.648505	0.003726	0.6
658	-0.678751	214.514801	3.647029	0.002265	0.5
659	-0.682328	215.514799	3.631609	0.003239	0.6
660	-0.705905	216.336001	3.619044	0.001485	0.5
661	-0.682059	217.331676	3.603924	0.002967	0.5
662	-0.694483	218.279545	3.589648	0.002518	0.5
663	-0.674504	219.277099	3.574745	0.003204	0.5
664	-0.727108	219.186373	3.576095	0.003605	0.5
665	-0.679858	219.095683	3.577446	0.003324	0.5
666	-0.713415	219.005317	3.578793	0.004300	0.5
667	-0.678701	220.005317	3.563944	0.001322	0.6
668	-0.666321	219.914609	3.565285	0.003053	0.6
669	-0.673987	219.825502	3.566605	0.002581	0.6
670	-0.698703	219.734777	3.567949	0.003029	0.6
671	-0.681242	220.734774	3.553189	0.002195	0.8
672	-0.654193	220.667590	3.554177	0.003498	0.6
673	-0.703262	221.666579	3.539545	0.002453	0.6
674	-0.691666	221.596387	3.540569	0.002025	0.6
675	-0.710413	221.550224	3.541243	0.004179	0.7
676	-0.677885	221.459499	3.542568	0.003456	0.5
677	-0.713799	222.459498	3.528017	0.000703	0.5
678	-0.676344	222.486120	3.527632	0.003418	0.7
679	-0.703215	223.114550	3.518550	0.002064	0.5
680	-0.679876	224.114549	3.504196	0.002206	0.5
681	-0.675553	225.114371	3.489960	0.003975	0.5
682	-0.690847	226.113766	3.475846	0.001696	0.5
683	-0.705133	227.031112	3.462990	0.003098	0.5
684	-0.686169	226.940529	3.464256	0.002662	0.5
685	-0.676953	226.865570	3.465303	0.002564	0.5
686	-0.701871	226.775479	3.466563	0.004464	0.5
687	-0.694787	227.105832	3.461947	0.001968	0.6
688	-0.711919	228.103739	3.448079	0.003789	0.5
689	-0.674222	228.013013	3.449335	0.001986	0.6
690	-0.697636	229.013013	3.435539	0.002891	0.6
691	-0.694316	228.950315	3.436400	0.002997	0.5
692	-0.698042	228.875120	3.437434	0.002438	0.6
693	-0.658165	228.784394	3.438683	0.002690	0.6
694	-0.700187	229.784313	3.424972	0.003021	0.6
695	-0.703450	229.699094	3.426137	0.003407	0.5
696	-0.686873	229.608369	3.427377	0.004140	0.5
697	-0.675777	229.518088	3.428612	0.002169	0.5
698	-0.710214	229.427425	3.429853	0.003826	0.5
699	-0.686093	229.336700	3.431096	0.003600	0.6
700	-0.689544	229.245974	3.432340	0.002528	0.5
701	-0.670319	230.245974	3.418679	0.002403	0.5
702	-0.699254	231.245814	3.405128	0.003324	0.7
703	-0.677797	231.155088	3.406353	0.001673	0.6
704	-0.652567	231.555940	3.400947	0.002925	0.5
705	-0.672928	231.467640	3.402136	0.001765	0.5
706	-0.665221	231.376939	3.403359	0.002182	0.5
707	-0.687893	231.339896	3.403859	0.003189	0.6
708	-0.672274	231.296739	3.404441	0.003363	0.5
709	-0.681623	231.441085	3.402494	0.002395	0.5
710	-0.691857	232.416394	3.389399	0.002430	0.5
711	-0.701614	232.325669	3.390613	0.002199	0.5
712	-0.690944	233.323478	3.377310	0.003659	0.5
713	-0.685509	233.232754	3.378516	0.004973	0.6
714	-0.673790	234.232754	3.365279	0.001578	0.6
715	-0.668708	234.142031	3.366475	0.003064	0.6
716	-0.737661	234.057382	3.367593	0.002471	0.8
717	-0.682192	234.080500	3.367287	0.001636	0.6
718	-0.679533	233.989830	3.368485	0.002395	0.6
719	-0.659355	233.899396	3.369680	0.002780	0.6
720	-0.704391	234.899250	3.356514	0.002089	0.6
721	-0.720432	234.809079	3.357697	0.001639	0.6
722	-0.649760	234.718461	3.358887	0.003255	0.8
723	-0.677403	234.860827	3.357018	0.001279	0.6
724	-0.669725	235.852091	3.344062	0.004752	0.6
725	-0.663903	235.821360	3.344462	0.001744	0.8
726	-0.711773	235.730634	3.345644	0.002167	0.6
727	-0.713678	236.714370	3.332873	0.003726	0.6
728	-0.686306	237.714216	3.319993	0.003000	0.8
729	-0.679680	237.624864	3.321140	0.002354	0.6
730	-0.672004	237.534138	3.322305	0.002714	0.6
731	-0.680262	237.840403	3.318374	0.004517	0.7
732	-0.675863	238.840403	3.305603	0.003066	0.6
733	-0.738827	239.840395	3.292931	0.002433	0.6
734	-0.682360	239.749704	3.294076	0.002064	0.6
735	-0.671031	239.766324	3.293866	0.002618	0.8
736	-0.711702	240.443764	3.285331	0.002273	0.8
737	-0.695286	241.433576	3.272940	0.002003	0.6
738	-0.702201	241.342856	3.274072	0.000866	0.6
739	-0.692780	241.298652	3.274624	0.002724	0.5
740	-0.697719	241.257784	3.275134	0.003823	0.5
741	-0.689347	241.576395	3.271160	0.004880	0.5
742	-0.687155	242.576395	3.258749	0.003080	0.6
743	-0.687970	243.576395	3.246432	0.003522	0.6
744	-0.689802	243.485669	3.247546	0.002274	0.6
745	-0.684853	243.394945	3.248660	0.002556	0.5
746	-0.721686	244.039806	3.240756	0.002367	0.6
747	-0.664161	243.977613	3.241517	0.002020	0.6
748	-0.673733	243.901247	3.242451	0.003236	0.6
749	-0.673529	244.882151	3.230489	0.004415	0.7
750	-0.726317	244.791425	3.231592	0.003305	0.7
751	-0.680627	245.791425	3.219479	0.001371	0.7
752	-0.641272	245.712087	3.220437	0.001908	0.5
753	-0.714177	246.659039	3.209043	0.002334	0.8
754	-0.715530	247.459835	3.199471	0.003196	0.6
755	-0.683917	248.457876	3.187620	0.001044	0.6
756	-0.712567	248.405981	3.188234	0.004125	0.8
757	-0.700972	248.315919	3.189300	0.002883	0.9
758	-0.702744	249.315919	3.177502	0.001255	0.7
759	-0.678171	250.086913	3.168465	0.003719	0.6
760	-0.728239	251.086763	3.156821	0.001396	0.6
761	-0.690402	252.032854	3.145883	0.000661	0.7
762	-0.673503	251.965195	3.146662	0.001335	0.6
763	-0.706624	251.896641	3.147453	0.004997	0.6
764	-0.706949	252.895302	3.135977	0.002860	0.6
765	-0.712839	252.804577	3.137016	0.001474	0.7
766	-0.708619	253.047527	3.134235	0.003554	0.6
767	-0.671975	254.029389	3.123046	0.002863	0.6
768	-0.745973	253.938663	3.124076	0.003439	0.6
769	-0.667444	254.938657	3.112755	0.001104	0.6
770	-0.665567	254.848715	3.113770	0.003229	0.6
771	-0.663478	255.779953	3.103293	0.003249	0.6
772	-0.666662	256.779953	3.092121	0.001851	0.6
773	-0.704771	256.689380	3.093130	0.002123	0.7
774	-0.726850	256.636619	3.093718	0.001787	0.8
775	-0.733973	257.624267	3.082751	0.003055	0.6
776	-0.695670	258.603587	3.071954	0.002438	0.8
777	-0.706890	258.538655	3.072668	0.001999	0.8
778	-0.660676	258.448111	3.073663	0.003142	0.6
779	-0.708937	258.451552	3.073625	0.001317	0.6
780	-0.667928	258.463558	3.073493	0.002374	1.1
781	-0.673891	258.373740	3.074481	0.002491	0.6
782	-0.690189	258.283014	3.075480	0.003594	0.6
783	-0.688633	259.283014	3.064507	0.001346	0.5
784	-0.690430	260.273417	3.053717	0.002800	0.6
785	-0.716747	260.183266	3.054696	0.003577	0.6
786	-0.702775	261.183085	3.043873	0.003825	0.6
787	-0.711025	262.183085	3.033124	0.001821	0.6
788	-0.697192	262.092397	3.034095	0.003127	0.6
789	-0.685946	262.003490	3.035049	0.001660	0.5
790	-0.686223	263.003011	3.024367	0.004261	0.6
791	-0.665480	262.912286	3.025333	0.003175	0.6
792	-0.703815	262.948761	3.024945	0.002788	0.6
793	-0.665841	262.859601	3.025895	0.001596	0.6
794	-0.690333	263.857757	3.015292	0.002732	0.6
795	-0.716671	264.832898	3.005005	0.004362	0.6
796	-0.694571	265.832898	2.994529	0.001906	0.6
797	-0.688763	265.742194	2.995476	0.003729	0.6
798	-0.672803	266.650581	2.986016	0.002031	0.7
799	-0.642528	266.559855	2.986958	0.003015	0.6
800	-0.711861	267.559854	2.976607	0.003860	0.6
801	-0.710175	267.469128	2.977543	0.003018	0.6
802	-0.686982	268.469016	2.967258	0.002515	0.6
803	-0.704952	268.504381	2.966896	0.003139	0.5
804	-0.667554	268.413666	2.967826	0.002344	0.5
805	-0.675087	269.409159	2.957652	0.001839	0.6
806	-0.705113	269.319095	2.958570	0.002959	0.5
807	-0.699136	270.214594	2.949472	0.002420	0.5
808	-0.704153	270.158629	2.950039	0.002679	0.5
809	-0.677052	271.135509	2.940174	0.003473	0.5
810	-0.674468	272.117519	2.930324	0.003416	0.5
811	-0.702752	272.026793	2.931231	0.002820	0.5
812	-0.684514	271.939349	2.932106	0.003524	0.6
813	-0.665678	272.939285	2.922132	0.003588	0.5
814	-0.702523	273.901962	2.912593	0.002329	0.5
815	-0.721147	273.893393	2.912677	0.002635	0.5
816	-0.704478	273.802668	2.913574	0.003560	0.5
817	-0.692209	274.802003	2.903731	0.002712	0.5
818	-0.714375	275.780527	2.894157	0.002756	0.6
819	-0.674421	275.896732	2.893024	0.002949	0.6
820	-0.704699	275.806007	2.893908	0.002749	0.7
821	-0.704926	276.806007	2.884191	0.001938	0.6
822	-0.711083	277.746499	2.875111	0.001496	0.6
823	-0.673081	277.718702	2.875379	0.003966	0.6
824	-0.701942	277.627978	2.876252	0.001397	0.6
825	-0.704081	278.549555	2.867403	0.002813	0.6
826	-0.689099	278.949215	2.863583	0.001263	0.6
827	-0.641259	279.940444	2.854151	0.002813	0.5
828	-0.696566	280.918456	2.844905	0.003107	0.5
829	-0.705978	281.192377	2.842326	0.002573	0.5
830	-0.703699	281.138438	2.842834	0.003371	0.6
831	-0.703661	281.047827	2.843687	0.001208	0.5
832	-0.699261	280.989684	2.844234	0.001648	0.7
833	-0.719989	280.915750	2.844931	0.001999	0.6
834	-0.694302	281.296405	2.841348	0.001861	0.6
835	-0.700771	282.286812	2.832070	0.002878	0.5
836	-0.653866	283.286210	2.822768	0.003536	0.5
837	-0.673677	284.253819	2.813820	0.002682	0.5
838	-0.704495	284.164806	2.814641	0.002568	0.6
839	-0.726816	284.842734	2.808402	0.001340	0.5
840	-0.704041	285.768627	2.799926	0.004897	0.5
841	-0.680454	285.677903	2.800754	0.000909	0.7
842	-0.676554	285.682688	2.800710	0.002914	0.7
843	-0.669050	285.735803	2.800225	0.001297	0.6
844	-0.689286	285.978674	2.798010	0.001814	0.6
845	-0.696939	286.780503	2.790720	0.002890	0.6
846	-0.678000	287.779945	2.781688	0.002205	0.6
847	-0.699561	287.788529	2.781610	0.002489	0.6
848	-0.696210	288.788519	2.772631	0.002305	0.6
849	-0.684645	288.898120	2.771651	0.001806	0.5
850	-0.685203	288.807399	2.772462	0.002235	0.5
851	-0.711099	289.806554	2.763550	0.002724	0.7
852	-0.677687	289.722364	2.764298	0.002609	0.6
853	-0.674541	290.722363	2.755431	0.002346	0.5
854	-0.701059	291.575108	2.747913	0.003863	0.6
855	-0.679762	291.484382	2.748711	0.002095	0.5
856	-0.699759	292.484381	2.739943	0.002432	0.5
857	-0.720893	292.394513	2.740729	0.004315	0.5
858	-0.712133	292.303787	2.741522	0.001429	0.6
859	-0.682180	292.253502	2.741962	0.003016	0.5
860	-0.678488	292.162821	2.742756	0.003059	0.5
861	-0.709141	293.162821	2.734026	0.003670	0.7
862	-0.706473	293.072095	2.734816	0.002007	0.6
863	-0.682888	294.072036	2.726136	0.003521	0.7
864	-0.688844	294.014433	2.726635	0.002388	0.6
865	-0.679458	295.014221	2.718009	0.001462	0.5
866	-0.669590	294.923764	2.718787	0.002196	0.6
867	-0.732235	294.862464	2.719314	0.003429	0.5
868	-0.690272	295.862463	2.710732	0.003751	0.6
869	-0.679612	296.862462	2.702204	0.002375	0.6
870	-0.681467	297.850066	2.693835	0.002272	0.5
871	-0.673049	298.762161	2.686151	0.001971	0.5
872	-0.665239	298.671805	2.686910	0.002272	0.5
873	-0.684397	298.999999	2.684154	0.002587	0.6
874	-0.642104	298.939860	2.684659	0.004011	0.5
875	-0.673476	298.870283	2.685243	0.002312	0.6
876	-0.694701	298.779675	2.686004	0.002139	0.5
877	-0.667996	299.477681	2.680153	0.001288	0.5
878	-0.688561	300.281725	2.673446	0.003228	0.5
879	-0.675956	300.191033	2.674201	0.002433	0.5
880	-0.688844	300.101080	2.674950	0.002645	0.5
881	-0.678564	301.101071	2.666645	0.003490	0.5
882	-0.703943	302.101071	2.658392	0.004165	0.5
883	-0.733021	303.100893	2.650191	0.003308	0.6
884	-0.663758	303.010168	2.650933	0.003759	0.6
885	-0.716740	304.010168	2.642777	0.001685	0.6
886	-0.711061	303.919442	2.643515	0.001828	0.6
887	-0.708370	304.203456	2.641206	0.002261	0.6
888	-0.699486	304.112742	2.641943	0.002353	0.6
889	-0.657025	305.106422	2.633893	0.002537	0.5
890	-0.673287	305.414479	2.631407	0.002929	0.5
891	-0.693620	306.413189	2.623380	0.002103	0.6
892	-0.694546	306.322477	2.624107	0.001811	0.6
893	-0.713977	306.251344	2.624678	0.001731	0.6
894	-0.696360	307.237809	2.616790	0.002866	0.6
895	-0.675398	307.939602	2.611207	0.001711	0.6
896	-0.670730	307.878347	2.611693	0.003955	0.5
897	-0.677879	308.040476	2.610406	0.001589	0.5
898	-0.677514	308.953816	2.603181	0.004009	0.6
899	-0.668100	308.863533	2.603893	0.003079	0.6
900	-0.690108	308.831842	2.604143	0.001352	0.6
901	-0.678058	309.709258	2.597234	0.002596	0.6
902	-0.667551	310.026540	2.594745	0.003439	0.5
903	-0.666741	309.935858	2.595456	0.002152	0.5
904	-0.681460	310.921784	2.587746	0.001818	0.7
905	-0.687276	310.842082	2.588368	0.001629	0.5
906	-0.694102	311.771380	2.581139	0.002593	0.6
907	-0.652240	312.729879	2.573726	0.001921	0.5
908	-0.677112	312.658609	2.574276	0.002295	0.5
909	-0.685282	312.574117	2.574928	0.002902	0.5
910	-0.654097	312.483597	2.575627	0.001937	0.6
911	-0.698852	312.401132	2.576264	0.003915	0.5
912	-0.684064	312.550043	2.575114	0.003121	0.6
913	-0.695331	313.550043	2.567417	0.001843	0.5
914	-0.695558	314.129204	2.562980	0.003185	0.6
915	-0.725583	315.129040	2.555356	0.002150	0.5
916	-0.672258	315.421158	2.553137	0.001590	0.7
917	-0.669882	315.335795	2.553785	0.002952	0.6
918	-0.713067	316.318721	2.546344	0.001899	0.6
919	-0.674991	316.510265	2.544898	0.003243	0.5
920	-0.696202	316.419584	2.545582	0.003018	0.5
921	-0.703033	317.419582	2.538060	0.001385	0.5
922	-0.677643	318.390895	2.530797	0.002769	0.5
923	-0.714294	318.300218	2.531473	0.005236	0.6
924	-0.681392	319.300208	2.524034	0.002403	0.5
925	-0.666212	319.209482	2.524707	0.002664	0.5
926	-0.675438	319.118756	2.525381	0.004134	0.5
927	-0.652360	320.118756	2.517977	0.002349	0.6
928	-0.668647	320.028064	2.518647	0.001640	0.6
929	-0.671099	320.532652	2.514926	0.002376	0.5
930	-0.684520	321.483295	2.507945	0.002991	0.6
931	-0.688393	321.392579	2.508610	0.003256	0.5
932	-0.697056	321.301853	2.509275	0.002987	0.6
933	-0.705188	322.301842	2.501965	0.001705	0.5
934	-0.676745	322.338714	2.501697	0.002180	0.6
935	-0.688484	322.252527	2.502325	0.001906	0.5
936	-0.699469	322.164120	2.502970	0.002548	0.6
937	-0.657388	322.073866	2.503628	0.002215	0.5
938	-0.684498	322.555268	2.500120	0.001436	0.5
939	-0.668983	323.524836	2.493084	0.002402	0.5
940	-0.735359	324.523664	2.485877	0.001936	0.6
941	-0.693157	324.525609	2.485863	0.002613	0.6
942	-0.708310	325.525586	2.478690	0.001534	0.6
943	-0.693980	326.525084	2.471561	0.004797	0.6
944	-0.674522	326.434360	2.472206	0.003382	0.5
945	-0.680052	326.343634	2.472852	0.002735	0.5
946	-0.696087	326.275854	2.473334	0.003284	0.6
947	-0.695836	326.339391	2.472882	0.001639	0.6
948	-0.679459	327.339341	2.465783	0.004019	0.5
949	-0.700506	327.248718	2.466425	0.002276	0.7
950	-0.689074	328.096414	2.460436	0.002142	0.6
951	-0.686015	328.005713	2.461075	0.003284	0.6
952	-0.689453	327.914988	2.461715	0.003120	0.6
953	-0.693888	328.513274	2.457501	0.002972	0.7
954	-0.673926	328.422837	2.458137	0.001528	0.6
955	-0.681248	328.334163	2.458761	0.002213	0.5
956	-0.678088	328.249316	2.459359	0.003927	0.6
957	-0.732840	329.249028	2.452339	0.003160	0.5
958	-0.665477	330.051420	2.446734	0.000439	0.6
959	-0.663130	330.703154	2.442200	0.002509	0.5
960	-0.709707	330.658992	2.442506	0.002841	0.6
961	-0.711039	331.658982	2.435581	0.001611	0.5
962	-0.716702	331.578940	2.436133	0.003076	0.5
963	-0.689533	332.571272	2.429296	0.004789	0.6
964	-0.729393	333.571123	2.422446	0.003432	0.7
965	-0.687739	334.571123	2.415633	0.002012	0.6
966	-0.672562	334.807291	2.414030	0.001676	0.6
967	-0.702844	334.717035	2.414642	0.002937	0.6
968	-0.708233	334.626311	2.415258	0.003349	0.6
969	-0.685436	335.626311	2.408486	0.002770	0.5
970	-0.648944	336.626240	2.401751	0.003330	0.6
971	-0.695046	336.535514	2.402361	0.003727	0.6
972	-0.698514	337.320849	2.397096	0.000903	0.6
973	-0.708847	337.679353	2.394700	0.004311	0.6
974	-0.688308	338.630829	2.388364	0.004701	0.5
975	-0.684600	339.630829	2.381741	0.003440	0.6
976	-0.684932	339.540103	2.382341	0.004250	0.6
977	-0.685093	339.449377	2.382940	0.001864	0.6
978	-0.683514	340.373694	2.376845	0.004964	0.5
979	-0.704743	340.282971	2.377442	0.003347	0.5
980	-0.705168	340.192245	2.378039	0.002103	0.5
981	-0.686356	341.096988	2.372097	0.004262	0.5
982	-0.699737	342.096988	2.365564	0.002715	0.5
983	-0.692529	343.080174	2.359176	0.003336	0.5
984	-0.696442	342.989448	2.359764	0.003325	0.5
985	-0.703783	342.898770	2.360352	0.002245	0.5
986	-0.703807	343.898770	2.353884	0.004503	0.5
987	-0.715435	343.809482	2.354460	0.003019	0.6
988	-0.683934	343.718756	2.355046	0.002835	0.5
989	-0.690672	343.628036	2.355632	0.001411	0.5
990	-0.622643	344.499491	2.350015	0.003422	0.5
991	-0.716246	345.497870	2.343613	0.004186	0.5
992	-0.688825	346.490135	2.337285	0.002793	0.5
993	-0.634737	347.490135	2.330943	0.002231	0.6
994	-0.687592	348.473938	2.324736	0.003068	0.6
995	-0.662493	349.473615	2.318463	0.002773	0.6
996	-0.681805	350.473615	2.312222	0.003391	0.6
997	-0.705206	351.473504	2.306015	0.002948	0.6
998	-0.688719	351.382778	2.306576	0.002073	0.6
999	-0.713981	351.520756	2.305722	0.002767	0.5
