1:ItNr	2:Metric	3a:Time	3b:StepSize	4:||Gradient||	Time[ms]
0	-0.868929	0.000000	77.996190	0.005552	13.0
1	-0.858174	0.000000	77.996190	0.002646	0.8
2	-0.856220	0.000000	77.996190	0.002473	0.6
3	-0.821505	0.000000	77.996190	0.002517	0.6
4	-0.886332	0.000000	77.996190	0.002166	0.7
5	-0.863959	0.000000	77.996190	0.002232	0.6
6	-0.876128	0.000000	77.996190	0.001626	0.6
7	-0.883127	0.047547	77.819994	0.001107	0.6
8	-0.850590	0.232487	77.142163	0.002068	0.7
9	-0.958132	0.009170	77.962147	0.002914	0.6
10	-0.883026	0.000000	77.996190	0.002539	0.6
11	-0.878695	0.000000	77.996190	0.002345	0.6
12	-0.908269	0.000000	77.996190	0.000673	0.6
13	-0.860231	0.000000	77.996190	0.001580	0.6
14	-0.892894	0.000000	77.996190	0.002201	0.6
15	-0.846792	0.897880	74.798109	0.002772	0.6
16	-0.859407	1.863623	71.638690	0.001684	0.6
17	-0.869781	2.863617	68.636703	0.001841	0.6
18	-0.875040	3.863551	65.876351	0.001753	0.6
19	-0.865388	3.639931	66.474213	0.000767	0.6
20	-0.893908	4.083193	65.299502	0.001822	0.6
21	-0.862365	5.052959	62.868866	0.003367	0.6
22	-0.873852	4.829285	63.413293	0.002416	0.6
23	-0.875461	5.514615	61.774232	0.000472	0.5
24	-0.894131	5.308123	62.259097	0.002462	0.6
25	-0.868559	5.150839	62.633555	0.002151	0.5
26	-0.913827	5.753875	61.221785	0.001998	0.6
27	-0.855047	5.532898	61.731665	0.001684	0.7
28	-0.863572	5.309216	62.256510	0.000787	0.6
29	-0.874129	5.408475	62.022513	0.002915	0.6
30	-0.857704	5.185422	62.550835	0.001451	0.6
31	-0.874112	6.184864	60.251175	0.001642	0.6
32	-0.923339	5.973125	60.724146	0.003714	0.7
33	-0.877937	6.973125	58.553343	0.000779	0.6
34	-0.882630	7.837894	56.797489	0.001952	0.6
35	-0.869143	8.547640	55.433192	0.001150	0.5
36	-0.874562	8.386015	55.738078	0.001835	0.6
37	-0.885736	9.301516	54.054062	0.002408	0.7
38	-0.872522	10.301509	52.327189	0.001649	0.7
39	-0.913177	11.301389	50.707417	0.002085	0.7
40	-0.871751	12.301349	49.184794	0.002470	0.6
41	-0.868503	12.077585	49.517521	0.001414	0.6
42	-0.889678	11.887306	49.804018	0.002578	0.6
43	-0.869118	11.853709	49.854950	0.002663	0.6
44	-0.878255	12.853709	48.382291	0.001379	0.7
45	-0.858311	12.629944	48.704214	0.001899	0.6
46	-0.896525	13.331446	47.709031	0.001793	0.6
47	-0.876239	13.767148	47.111140	0.000930	0.6
48	-0.881466	13.552158	47.404274	0.002392	0.6
49	-0.890330	14.548312	46.075886	0.001623	0.8
50	-0.894773	15.008006	45.487662	0.002391	0.7
51	-0.861636	15.400735	44.996893	0.001532	0.6
52	-0.857481	15.176971	45.275211	0.001852	0.7
53	-0.866485	16.174316	44.060528	0.001961	0.6
54	-0.866717	17.163499	42.918497	0.002999	0.7
55	-0.874183	17.263671	42.806139	0.002021	0.6
56	-0.882961	18.263671	41.715916	0.002227	0.8
57	-0.871744	18.040440	41.954445	0.001269	0.7
58	-0.904166	17.816678	42.196295	0.001294	0.7
59	-0.861224	18.363919	41.609678	0.001569	0.8
60	-0.887506	18.919859	41.030205	0.001579	0.7
61	-0.876584	19.497005	40.445460	0.000967	0.6
62	-0.908439	19.472548	40.469901	0.001923	0.6
63	-0.872337	19.687370	40.256227	0.001271	0.7
64	-0.874305	20.673985	39.303177	0.001043	0.6
65	-0.812404	20.537242	39.432565	0.001893	0.6
66	-0.882210	21.499089	38.540120	0.001859	0.6
67	-0.873865	22.484876	37.666429	0.002928	0.7
68	-0.867327	23.484876	36.819705	0.002268	0.7
69	-0.876118	24.484369	36.010612	0.001143	0.7
70	-0.860786	24.260617	36.188636	0.001953	0.6
71	-0.879181	25.239614	35.422441	0.002481	0.7
72	-0.844482	25.016779	35.593973	0.001808	0.6
73	-0.869541	26.016602	34.837056	0.001261	0.7
74	-0.897996	26.995507	34.126528	0.002300	0.7
75	-0.871456	26.812496	34.257153	0.002886	0.7
76	-0.872973	26.588731	34.418232	0.002542	0.8
77	-0.878092	27.430294	33.820154	0.002893	0.7
78	-0.857733	27.206529	33.977140	0.002173	0.7
79	-0.888771	28.196703	33.293288	0.001672	0.6
80	-0.858902	27.973250	33.445197	0.001511	0.6
81	-0.813500	28.953835	32.788674	0.001184	0.6
82	-0.851099	29.950244	32.147442	0.002425	0.6
83	-0.864218	30.180150	32.003033	0.004106	0.6
84	-0.871663	31.180150	31.389714	0.001776	0.6
85	-0.857267	30.956386	31.524902	0.001117	0.6
86	-0.892776	31.851424	30.991029	0.002857	0.6
87	-0.861152	32.827624	30.428986	0.001538	0.6
88	-0.870065	32.603863	30.556007	0.000443	0.6
89	-0.859128	33.155940	30.244512	0.001381	0.6
90	-0.901073	33.000756	30.331427	0.002555	0.6
91	-0.851232	33.997316	29.781817	0.001326	0.6
92	-0.865736	34.997137	29.250067	0.001792	0.5
93	-0.868785	35.870647	28.800797	0.002090	0.5
94	-0.866822	35.744671	28.864737	0.002324	0.6
95	-0.875778	36.744665	28.364871	0.001790	0.6
96	-0.857934	37.744665	27.882021	0.001171	0.6
97	-0.833175	38.740385	27.417299	0.003335	0.6
98	-0.853203	39.734264	26.968631	0.001090	0.6
99	-0.864912	40.734253	26.531786	0.001848	0.6
100	-0.867170	41.240613	26.315936	0.001572	0.5
101	-0.876343	41.503648	26.205190	0.001542	0.5
102	-0.870515	41.807563	26.078388	0.001755	0.6
103	-0.858744	42.732655	25.699855	0.002252	0.5
104	-0.833909	42.508941	25.790384	0.002038	0.5
105	-0.832676	42.294268	25.877857	0.000836	0.5
106	-0.855060	43.270666	25.484721	0.002553	0.5
107	-0.875418	43.078431	25.561175	0.002405	0.5
108	-0.907388	42.854842	25.650678	0.002421	0.5
109	-0.854787	42.631081	25.740879	0.001761	0.5
110	-0.898314	43.630806	25.342713	0.001567	0.5
111	-0.883508	43.419982	25.425651	0.002110	0.6
112	-0.857081	43.198869	25.513222	0.000933	0.6
113	-0.842570	43.624516	25.345180	0.001360	0.6
114	-0.925805	44.084283	25.166137	0.002885	0.5
115	-0.893120	43.949792	25.218249	0.002084	0.6
116	-0.850149	43.726027	25.305431	0.000845	0.7
117	-0.882193	43.511106	25.389737	0.000640	0.6
118	-0.865555	43.381591	25.440813	0.001935	0.6
119	-0.904293	43.169518	25.524892	0.001649	0.6
120	-0.845878	43.295525	25.474868	0.000719	0.6
121	-0.870023	43.195443	25.514584	0.003766	0.7
122	-0.897991	44.154144	25.139153	0.002360	0.6
123	-0.899187	45.154144	24.759144	0.001883	0.6
124	-0.875044	46.049379	24.428563	0.002841	0.6
125	-0.856403	46.637619	24.216109	0.002659	0.6
126	-0.874601	46.413854	24.296489	0.002169	0.6
127	-0.888587	47.386997	23.950752	0.002910	0.5
128	-0.874707	47.163232	24.029377	0.001526	0.5
129	-0.862908	46.939468	24.108520	0.001185	0.5
130	-0.870295	46.715858	24.188130	0.002212	0.5
131	-0.882721	46.526985	24.255785	0.000761	0.5
132	-0.862897	46.305042	24.335770	0.001403	0.6
133	-0.885092	46.095173	24.411890	0.002015	0.5
134	-0.883154	45.873812	24.492697	0.003494	0.5
135	-0.886316	46.873736	24.131867	0.000782	0.5
136	-0.874149	46.650000	24.211678	0.001429	0.5
137	-0.913633	47.047548	24.070228	0.000708	0.6
138	-0.835322	47.416846	23.940303	0.001961	0.7
139	-0.848901	47.309863	23.977796	0.002186	0.6
140	-0.839592	47.086550	24.056440	0.001039	0.6
141	-0.892345	47.043644	24.071609	0.002719	0.6
142	-0.885417	47.837323	23.794069	0.001007	0.6
143	-0.931927	48.057851	23.718085	0.001935	0.6
144	-0.864303	47.886045	23.777240	0.001818	0.6
145	-0.833987	48.658623	23.513528	0.001635	0.6
146	-0.881553	49.658395	23.180826	0.003460	0.5
147	-0.892128	49.434641	23.254466	0.001088	0.6
148	-0.869371	50.412851	22.935928	0.000972	0.6
149	-0.905752	51.105072	22.715739	0.002089	0.6
150	-0.822137	51.615634	22.556024	0.001535	0.6
151	-0.850295	52.606707	22.252320	0.002337	0.6
152	-0.899270	52.392838	22.317164	0.001053	0.6
153	-0.889431	52.180471	22.381928	0.001942	0.5
154	-0.885802	52.848705	22.179400	0.002365	0.6
155	-0.932802	52.906734	22.161986	0.002117	0.6
156	-0.871019	53.906734	21.866125	0.001224	0.5
157	-0.915699	53.748547	21.912399	0.001837	0.6
158	-0.868768	53.524887	21.978161	0.001280	0.6
159	-0.901218	53.460802	21.997077	0.002013	0.6
160	-0.896036	53.239473	22.062657	0.000817	0.7
161	-0.842347	54.017914	21.833718	0.001168	0.7
162	-0.872504	54.188997	21.784038	0.002268	0.6
163	-0.919713	53.976074	21.845902	0.002104	0.6
164	-0.868763	54.945416	21.567069	0.001579	0.5
165	-0.871953	55.918184	21.294315	0.001961	0.6
166	-0.880035	56.918168	21.021028	0.002253	0.6
167	-0.890945	57.247485	20.932558	0.001143	0.6
168	-0.899788	57.646402	20.826382	0.001411	0.7
169	-0.882485	58.610694	20.574120	0.001230	0.5
170	-0.895865	58.707145	20.549224	0.001374	0.6
171	-0.877327	59.662008	20.305966	0.002457	0.6
172	-0.867992	60.209694	20.169021	0.001178	0.6
173	-0.877123	59.985931	20.224747	0.001868	0.5
174	-0.877608	59.763453	20.280460	0.001892	0.5
175	-0.844416	59.645763	20.310056	0.001413	0.6
176	-0.888703	59.423527	20.366180	0.000902	0.5
177	-0.883284	60.269295	20.154229	0.000753	0.5
178	-0.892654	60.120240	20.191262	0.001777	0.5
179	-0.858963	59.908752	20.244040	0.001423	0.5
180	-0.878402	59.685071	20.300162	0.002423	0.6
181	-0.872729	60.237379	20.162147	0.002367	0.6
182	-0.867992	60.922711	19.993479	0.002428	0.6
183	-0.865616	60.698947	20.048239	0.001538	0.6
184	-0.842264	61.690396	19.807863	0.001416	0.6
185	-0.898035	62.688726	19.571573	0.001902	0.6
186	-0.877788	63.688631	19.340494	0.001720	0.6
187	-0.873632	63.467505	19.391126	0.001561	0.6
188	-0.874755	64.266464	19.209428	0.002175	0.6
189	-0.886257	65.266244	18.986801	0.002895	0.6
190	-0.889325	65.042479	19.036179	0.002603	0.6
191	-0.871534	66.042479	18.817479	0.001119	0.6
192	-0.871665	65.821121	18.865455	0.001108	0.6
193	-0.878694	66.328182	18.755915	0.001924	0.5
194	-0.867637	67.319901	18.545311	0.003340	0.6
195	-0.892555	68.319901	18.337683	0.002902	0.6
196	-0.863755	68.096343	18.383695	0.002319	0.5
197	-0.864739	69.096343	18.179650	0.001865	0.5
198	-0.868350	70.095456	17.980260	0.000976	0.5
199	-0.882270	69.871891	18.024496	0.001070	0.6
200	-0.873880	69.753154	18.048078	0.001482	0.6
201	-0.881882	70.537087	17.893512	0.000616	0.6
202	-0.915490	70.635967	17.874204	0.002314	0.5
203	-0.874906	70.912404	17.820446	0.001985	0.6
204	-0.879838	70.688641	17.863936	0.002564	0.6
205	-0.865393	71.688641	17.671205	0.000549	0.7
206	-0.851614	71.487248	17.709685	0.000953	0.6
207	-0.903623	71.761486	17.657328	0.001248	0.6
208	-0.863209	72.522437	17.513658	0.002206	0.5
209	-0.876911	72.300708	17.555279	0.002365	0.6
210	-0.887503	72.836197	17.455098	0.001291	0.6
211	-0.884474	73.796587	17.278259	0.003323	0.6
212	-0.868259	74.662643	17.121835	0.001711	0.6
213	-0.869032	74.474820	17.155518	0.002515	0.6
214	-0.880671	74.251055	17.195820	0.000927	0.6
215	-0.877760	75.244582	17.018309	0.000769	0.6
216	-0.864094	75.224257	17.021903	0.002469	0.6
217	-0.873941	75.335155	17.002308	0.000992	0.5
218	-0.901225	75.111428	17.041886	0.001626	0.6
219	-0.895749	75.901992	16.902852	0.000603	0.5
220	-0.854019	75.684584	16.940860	0.002180	0.6
221	-0.878017	76.637131	16.775585	0.001978	0.6
222	-0.850505	76.892116	16.731889	0.001327	0.5
223	-0.871775	76.669383	16.770045	0.001979	0.5
224	-0.866327	77.655395	16.602437	0.000884	0.5
225	-0.878149	78.537222	16.455352	0.002556	0.6
226	-0.870720	79.525621	16.293558	0.002419	0.6
227	-0.874190	80.525611	16.133072	0.001538	0.6
228	-0.879555	80.302027	16.168679	0.001439	0.6
229	-0.870833	81.250520	16.018696	0.001611	0.6
230	-0.877105	81.235655	16.021025	0.001559	0.6
231	-0.878508	81.011906	16.056165	0.001278	0.5
232	-0.876425	80.790773	16.091046	0.001676	0.5
233	-0.859001	80.569004	16.126180	0.001750	0.6
234	-0.861727	80.350575	16.160934	0.002190	0.6
235	-0.843928	81.350012	16.003125	0.003052	0.6
236	-0.875674	81.126507	16.038148	0.002061	0.6
237	-0.856670	80.903218	16.073290	0.000740	0.5
238	-0.873580	81.855791	15.924431	0.001244	0.6
239	-0.874058	81.679375	15.951792	0.002104	0.6
240	-0.897102	81.455616	15.986630	0.002328	0.6
241	-0.877442	82.455383	15.832139	0.000813	0.5
242	-0.859355	82.730293	15.790180	0.001994	0.6
243	-0.887148	82.528862	15.820902	0.002397	0.6
244	-0.870131	83.528857	15.669549	0.000989	0.6
245	-0.855785	83.305206	15.703147	0.002338	0.6
246	-0.880545	83.402617	15.688496	0.001682	0.6
247	-0.894720	83.341035	15.697755	0.003240	0.6
248	-0.850767	84.270658	15.559131	0.000901	0.6
249	-0.909595	84.046899	15.592274	0.000861	0.7
250	-0.887373	83.887880	15.615913	0.002381	0.6
251	-0.877334	83.728496	15.639678	0.000998	0.5
252	-0.872865	84.580899	15.513412	0.002548	0.5
253	-0.875442	84.357481	15.546309	0.000957	0.5
254	-0.882866	84.133785	15.579388	0.001493	0.5
255	-0.884884	84.775714	15.484840	0.002272	0.6
256	-0.852989	84.551978	15.517663	0.001192	0.5
257	-0.902655	84.328221	15.550628	0.002041	0.5
258	-0.857092	84.664464	15.501143	0.001345	0.6
259	-0.872596	84.842879	15.475014	0.001524	0.6
260	-0.849978	84.628550	15.506414	0.001442	0.6
261	-0.867844	84.404839	15.539324	0.002825	0.6
262	-0.869388	84.181096	15.572380	0.002792	0.6
263	-0.875383	83.957331	15.605580	0.002381	0.6
264	-0.893601	83.733566	15.638921	0.000922	0.5
265	-0.881255	84.731897	15.491257	0.002364	0.5
266	-0.851788	85.571943	15.369148	0.003175	0.6
267	-0.881072	85.348178	15.401486	0.002452	0.5
268	-0.865460	86.348069	15.258030	0.001463	0.6
269	-0.851509	86.139485	15.287734	0.002293	0.6
270	-0.855787	86.112546	15.291579	0.001563	0.6
271	-0.859917	85.888803	15.323588	0.001410	0.6
272	-0.859882	86.510802	15.234934	0.000530	0.6
273	-0.865024	86.481728	15.239055	0.002108	0.6
274	-0.874097	86.286765	15.266748	0.001651	0.6
275	-0.835946	87.264209	15.128915	0.001840	0.6
276	-0.909818	87.042243	15.159996	0.002133	0.5
277	-0.860036	88.041977	15.021004	0.001810	0.5
278	-0.896915	89.038605	14.884958	0.001943	0.6
279	-0.899170	89.773774	14.786171	0.003206	0.6
280	-0.884253	89.550009	14.816100	0.003965	0.5
281	-0.885835	90.550009	14.683280	0.002274	0.6
282	-0.855422	90.326245	14.712793	0.001157	0.6
283	-0.877324	91.017373	14.622018	0.001197	0.6
284	-0.860311	90.866205	14.641777	0.001555	0.6
285	-0.864879	91.303286	14.584791	0.002306	0.6
286	-0.913521	91.657904	14.538882	0.001562	0.7
287	-0.886663	91.532913	14.555031	0.001228	0.5
288	-0.874523	91.348238	14.578956	0.001094	0.6
289	-0.877794	91.140548	14.605957	0.001520	0.6
290	-0.854899	92.128667	14.478381	0.001703	0.6
291	-0.863843	93.093655	14.355925	0.001074	0.6
292	-0.878643	93.542029	14.299729	0.001896	0.6
293	-0.829835	93.320418	14.327449	0.002038	0.6
294	-0.884187	94.061243	14.235202	0.001775	0.5
295	-0.861078	95.061216	14.112552	0.002289	0.6
296	-0.872015	96.061200	13.991997	0.002531	0.6
297	-0.877739	95.837457	14.018792	0.001846	0.5
298	-0.916937	96.837230	13.899851	0.002539	0.6
299	-0.846358	96.664471	13.920260	0.002899	0.6
300	-0.869101	97.664471	13.802952	0.000992	0.6
301	-0.904037	97.453311	13.827558	0.001039	0.6
302	-0.868640	97.244070	13.852027	0.001850	0.6
303	-0.876937	97.076435	13.871692	0.001175	0.6
304	-0.873775	97.998299	13.764230	0.001795	0.8
305	-0.839226	98.983122	13.651253	0.001673	0.7
306	-0.829175	99.959339	13.541079	0.002118	0.7
307	-0.869608	100.931959	13.433066	0.001882	0.7
308	-0.860261	101.931958	13.323793	0.001625	0.6
309	-0.869806	102.878167	13.222023	0.001596	0.6
310	-0.872797	102.656278	13.245749	0.001573	0.7
311	-0.914563	102.434137	13.269587	0.000984	0.6
312	-0.874966	102.210764	13.293644	0.001550	0.6
313	-0.858758	102.468766	13.265865	0.002067	0.6
314	-0.855984	102.245308	13.289918	0.001794	0.6
315	-0.875739	102.021544	13.314091	0.002397	0.6
316	-0.875978	101.805431	13.337521	0.001165	0.6
317	-0.890929	102.079138	13.307860	0.002192	0.6
318	-0.906778	101.856027	13.332028	0.000965	0.6
319	-0.923609	101.640267	13.355483	0.002308	0.6
320	-0.840011	102.619540	13.249685	0.001976	0.6
321	-0.892731	102.395776	13.273712	0.001264	0.6
322	-0.863565	102.173629	13.297652	0.001672	0.5
323	-0.879437	102.773294	13.233226	0.001396	0.6
324	-0.859209	102.864478	13.223484	0.001733	0.6
325	-0.888113	102.643007	13.247171	0.001912	0.6
326	-0.849829	103.642155	13.140979	0.001003	0.6
327	-0.902140	104.077744	13.095215	0.001937	0.6
328	-0.861089	103.942036	13.109439	0.001534	0.6
329	-0.911424	104.940705	13.005485	0.003039	0.8
330	-0.908779	105.940704	12.903032	0.001013	0.6
331	-0.851565	105.717863	12.925723	0.001644	0.6
332	-0.905658	106.152421	12.881548	0.003030	0.6
333	-0.892022	106.990825	12.797167	0.001476	0.6
334	-0.849937	107.862974	12.710556	0.001523	0.6
335	-0.857708	108.860932	12.612877	0.002152	0.6
336	-0.876982	109.860928	12.516494	0.001787	0.6
337	-0.895307	110.840084	12.423536	0.001159	0.6
338	-0.870730	111.081716	12.400808	0.000362	0.6
339	-0.843256	111.425643	12.368601	0.001309	0.6
340	-0.869365	111.428681	12.368318	0.002701	0.6
341	-0.855940	111.204924	12.389251	0.001620	0.6
342	-0.892839	112.204922	12.296242	0.002276	0.6
343	-0.889236	111.981158	12.316933	0.001680	0.6
344	-0.925928	111.757401	12.337693	0.001078	0.6
345	-0.883241	111.541665	12.357774	0.002710	0.6
346	-0.860914	111.318042	12.378660	0.002309	0.6
347	-0.868123	112.316344	12.285965	0.001506	0.6
348	-0.855492	112.092673	12.306613	0.001142	0.8
349	-0.879922	112.583922	12.261356	0.001261	0.6
350	-0.853738	113.431289	12.184068	0.002791	0.6
351	-0.880049	113.248914	12.200620	0.002410	0.6
352	-0.863633	114.248867	12.110416	0.001954	0.6
353	-0.853858	114.025161	12.130480	0.002755	0.6
354	-0.865580	113.801418	12.150614	0.001398	0.6
355	-0.881898	113.577653	12.170817	0.001954	0.6
356	-0.863243	113.657492	12.163601	0.001619	0.6
357	-0.896877	114.034309	12.129658	0.001637	0.6
358	-0.873675	115.010267	12.042620	0.001977	0.6
359	-0.871385	116.009959	11.954751	0.001135	0.6
360	-0.880775	115.910593	11.963428	0.002398	0.6
361	-0.906476	116.877273	11.879550	0.002296	1.0
362	-0.876099	116.653564	11.898856	0.000997	0.7
363	-0.873992	116.499451	11.912193	0.002991	0.8
364	-0.837883	117.499033	11.826220	0.002733	0.6
365	-0.891613	118.499033	11.741443	0.002367	0.9
366	-0.860860	118.412860	11.748701	0.002459	0.8
367	-0.910389	118.189115	11.767587	0.001349	0.6
368	-0.928200	119.187675	11.683766	0.001940	0.7
369	-0.878950	120.187155	11.601055	0.002880	0.6
370	-0.882785	121.187155	11.519465	0.002897	0.8
371	-0.876990	120.963795	11.537590	0.001553	0.6
372	-0.876302	120.740038	11.555803	0.001296	0.7
373	-0.881101	120.694037	11.559555	0.002105	0.6
374	-0.907420	121.682046	11.479510	0.001918	0.5
375	-0.856868	122.681996	11.399619	0.000997	0.7
376	-0.892494	123.666109	11.322071	0.001161	0.6
377	-0.872877	124.520408	11.255603	0.001836	0.6
378	-0.857538	125.239577	11.200251	0.001983	0.6
379	-0.913503	126.239564	11.124184	0.002328	0.5
380	-0.877004	126.018885	11.140882	0.001943	0.8
381	-0.912969	127.018816	11.065620	0.003559	0.5
382	-0.888672	128.014479	10.991684	0.001183	0.6
383	-0.844268	128.955325	10.922720	0.001961	0.6
384	-0.884076	128.867759	10.929102	0.001223	0.6
385	-0.876799	128.712073	10.940467	0.002191	0.6
386	-0.859146	128.488362	10.956840	0.003516	0.6
387	-0.893916	128.266702	10.973110	0.002259	0.5
388	-0.849945	129.261614	10.900455	0.002540	0.6
389	-0.846939	130.261614	10.828392	0.002122	0.6
390	-0.868511	131.261613	10.757275	0.002362	0.7
391	-0.882149	132.261613	10.687086	0.001984	0.7
392	-0.859009	132.037850	10.702712	0.002376	0.6
393	-0.865605	133.037835	10.633232	0.001519	0.6
394	-0.868723	132.947817	10.639449	0.002879	0.8
395	-0.857302	133.947805	10.570785	0.002492	0.6
396	-0.861585	134.947805	10.503001	0.002446	0.6
397	-0.903123	134.724040	10.518093	0.002512	0.6
398	-0.876675	134.532342	10.531057	0.001314	0.7
399	-0.900745	134.332122	10.544632	0.002202	1.0
400	-0.870336	134.108433	10.559838	0.002535	0.7
401	-0.839423	133.884668	10.575094	0.001418	0.6
402	-0.903455	134.879491	10.507604	0.002090	0.6
403	-0.891965	134.722594	10.518191	0.001000	0.6
404	-0.881819	135.719068	10.451313	0.002331	0.5
405	-0.901781	136.612319	10.392081	0.001296	0.6
406	-0.869032	137.599136	10.327421	0.002104	0.6
407	-0.857937	137.375527	10.342002	0.000869	0.5
408	-0.867935	138.019362	10.300129	0.001591	0.6
409	-0.866333	138.036733	10.299004	0.000722	1.1
410	-0.859927	138.583046	10.263747	0.001764	0.7
411	-0.899596	138.456280	10.271906	0.001461	0.7
412	-0.858873	138.406211	10.275133	0.001511	0.7
413	-0.905677	138.395673	10.275812	0.002077	0.7
414	-0.879433	138.184758	10.289427	0.002354	0.6
415	-0.875486	139.042028	10.234312	0.002245	0.7
416	-0.918359	140.042012	10.170762	0.001690	0.6
417	-0.864725	139.818277	10.184912	0.002862	0.5
418	-0.834629	140.818277	10.121972	0.001243	0.7
419	-0.882436	140.641406	10.133047	0.001460	0.6
420	-0.868867	140.419662	10.146967	0.001289	0.6
421	-0.903319	141.414663	10.084804	0.002823	0.6
422	-0.864200	141.190903	10.098717	0.001787	0.7
423	-0.887781	141.964038	10.050806	0.001646	0.7
424	-0.840286	142.345247	10.027350	0.000697	0.6
425	-0.914279	142.160155	10.038725	0.001292	0.7
426	-0.869558	142.048190	10.045619	0.001815	0.7
427	-0.884026	141.850617	10.057807	0.000715	0.7
428	-0.865687	142.823923	9.998051	0.001653	0.7
429	-0.895932	142.603325	10.011532	0.001359	0.6
430	-0.879767	142.382028	10.025093	0.001873	0.6
431	-0.854150	142.158322	10.038838	0.001714	0.6
432	-0.869025	143.086789	9.982035	0.001824	0.6
433	-0.849838	144.086668	9.921576	0.003116	0.6
434	-0.899203	143.866729	9.934812	0.000742	0.7
435	-0.842945	144.419708	9.901601	0.001659	0.7
436	-0.872417	144.364930	9.904881	0.001053	0.7
437	-0.861817	144.148537	9.917860	0.002178	0.6
438	-0.904750	145.106995	9.860632	0.001471	0.6
439	-0.862030	144.893986	9.873293	0.001041	0.6
440	-0.880180	145.604934	9.831161	0.002092	0.6
441	-0.886514	145.384307	9.844198	0.001737	0.6
442	-0.852612	145.161090	9.857422	0.001919	0.6
443	-0.883964	144.944614	9.870281	0.001546	0.6
444	-0.875092	145.944582	9.811160	0.002882	0.6
445	-0.887815	145.751901	9.822497	0.002882	0.6
446	-0.901384	145.528220	9.835690	0.002307	0.6
447	-0.892495	146.528220	9.776980	0.002271	0.7
448	-0.891206	147.514885	9.719735	0.002680	0.6
449	-0.863659	148.514885	9.662396	0.001285	0.6
450	-0.849421	149.504360	9.606323	0.001375	0.6
451	-0.895892	149.453207	9.609206	0.000933	0.6
452	-0.888091	149.280862	9.618932	0.001726	0.6
453	-0.846608	149.680196	9.596427	0.001351	0.6
454	-0.898468	149.459263	9.608865	0.001414	0.6
455	-0.876064	149.718891	9.594252	0.001959	0.6
456	-0.882406	150.716314	9.538523	0.001174	0.6
457	-0.886566	151.715545	9.483339	0.002804	0.7
458	-0.867383	152.551825	9.437642	0.001297	0.6
459	-0.884810	152.329113	9.449769	0.000898	0.6
460	-0.904290	152.420304	9.444799	0.002505	0.6
461	-0.910094	153.419357	9.390701	0.001530	0.6
462	-0.880864	153.195594	9.402764	0.001531	0.6
463	-0.875707	152.972739	9.414808	0.000705	0.6
464	-0.899678	153.897477	9.365029	0.001501	0.6
465	-0.862159	154.074402	9.355565	0.001508	0.6
466	-0.872752	153.851286	9.367503	0.002280	0.7
467	-0.882541	153.627528	9.379506	0.002507	0.7
468	-0.866510	153.433636	9.389932	0.001544	0.6
469	-0.856482	154.429525	9.336627	0.002208	0.6
470	-0.879736	155.412847	9.284585	0.001619	0.7
471	-0.856848	155.198212	9.295895	0.000812	0.6
472	-0.874216	155.762777	9.266204	0.000920	0.7
473	-0.897877	155.658412	9.271678	0.002017	0.6
474	-0.874223	155.888215	9.259633	0.000856	0.6
475	-0.897685	156.875319	9.208248	0.003084	0.6
476	-0.844002	156.651695	9.219839	0.002978	0.6
477	-0.860463	156.427930	9.231467	0.003069	0.7
478	-0.894502	156.204196	9.243122	0.001359	0.7
479	-0.902053	155.982097	9.254721	0.001729	0.6
480	-0.885236	155.778872	9.265361	0.002122	0.6
481	-0.896437	156.471184	9.229217	0.001036	0.6
482	-0.865275	156.811519	9.211552	0.001785	0.6
483	-0.882792	156.590434	9.223019	0.001919	0.6
484	-0.870657	156.527261	9.226301	0.000835	0.6
485	-0.918323	156.304326	9.237902	0.001835	0.6
486	-0.862098	156.082667	9.249465	0.001535	0.6
487	-0.909013	157.043889	9.199529	0.001758	0.6
488	-0.827886	156.820145	9.211105	0.003005	0.6
489	-0.878958	157.820145	9.159594	0.002207	0.6
490	-0.880700	158.820145	9.108657	0.002323	0.6
491	-0.868889	159.820144	9.058283	0.001945	0.6
492	-0.918113	160.800432	9.009440	0.001684	0.5
493	-0.854602	160.576670	9.020542	0.002357	0.6
494	-0.860249	160.440908	9.027292	0.001695	0.5
495	-0.831249	160.218946	9.038349	0.001836	0.5
496	-0.866031	160.347938	9.031920	0.001820	0.6
497	-0.876372	160.124189	9.043077	0.002725	0.5
498	-0.887551	159.900427	9.054263	0.001992	0.5
499	-0.893595	159.676673	9.065476	0.002250	0.6
500	-0.879573	159.721894	9.063207	0.000617	0.5
501	-0.864844	159.500893	9.074304	0.001421	0.6
502	-0.840794	159.305671	9.084129	0.001152	0.5
503	-0.894364	159.213781	9.088761	0.001806	0.5
504	-0.902864	159.121262	9.093430	0.001382	0.6
505	-0.862277	158.897883	9.104721	0.001208	0.5
506	-0.871098	158.674706	9.116030	0.001964	0.5
507	-0.890752	159.475042	9.075604	0.002652	0.6
508	-0.875893	159.251278	9.086870	0.001384	0.7
509	-0.880279	159.062265	9.096409	0.000903	0.6
510	-0.871841	158.856111	9.106835	0.001771	0.6
511	-0.838808	159.352816	9.081755	0.001788	0.6
512	-0.906398	160.338829	9.032373	0.001913	0.6
513	-0.857837	160.791477	9.009883	0.002458	0.7
514	-0.858456	161.791463	8.960594	0.001100	0.6
515	-0.895184	162.791349	8.911845	0.000849	0.6
516	-0.846885	162.616333	8.920339	0.002319	0.6
517	-0.864250	163.283705	8.888035	0.001594	0.6
518	-0.868878	163.059949	8.898840	0.001432	0.6
519	-0.852300	164.059201	8.850789	0.001717	0.6
520	-0.877049	165.057032	8.803322	0.002335	0.6
521	-0.875121	164.833269	8.813922	0.002272	0.6
522	-0.879742	164.609504	8.824548	0.001757	0.6
523	-0.892920	165.609402	8.777264	0.001651	0.6
524	-0.880637	165.390504	8.787572	0.002046	0.6
525	-0.877051	166.389842	8.740709	0.001974	0.6
526	-0.834887	166.166080	8.751158	0.002407	0.6
527	-0.855806	167.137629	8.705967	0.003335	0.6
528	-0.860294	168.137595	8.659939	0.002257	0.7
529	-0.893323	167.972305	8.667513	0.001582	0.6
530	-0.850120	167.748568	8.677788	0.000982	0.7
531	-0.883790	167.530212	8.687838	0.001498	0.6
532	-0.874916	168.488185	8.643916	0.001550	0.6
533	-0.872322	168.325463	8.651346	0.002776	0.6
534	-0.859595	169.325395	8.605893	0.001470	0.6
535	-0.888311	169.880239	8.580878	0.000505	0.6
536	-0.890867	170.661628	8.545894	0.002357	0.6
537	-0.850293	171.547705	8.506567	0.002618	0.6
538	-0.893172	172.546523	8.462668	0.001163	0.5
539	-0.866392	172.327732	8.472245	0.002563	0.6
540	-0.870369	173.196943	8.434324	0.002682	0.5
541	-0.877574	174.196932	8.391115	0.002086	0.6
542	-0.856572	175.196932	8.348347	0.000797	0.6
543	-0.887026	175.457899	8.337257	0.001396	0.6
544	-0.887601	176.145734	8.308169	0.002449	0.6
545	-0.900012	175.933010	8.317143	0.001469	0.5
546	-0.867430	176.294533	8.301903	0.002983	0.6
547	-0.883517	177.293567	8.260076	0.001053	0.6
548	-0.887496	177.070341	8.269385	0.001484	0.6
549	-0.856308	177.595948	8.247500	0.002330	0.6
550	-0.909117	178.595503	8.206197	0.001462	0.6
551	-0.870115	178.371739	8.215407	0.001573	0.7
552	-0.865465	178.148232	8.224627	0.001197	0.6
553	-0.913853	177.925372	8.233842	0.002724	0.6
554	-0.850731	178.921581	8.192812	0.002023	0.6
555	-0.876266	179.921208	8.152051	0.002135	0.6
556	-0.887150	180.921208	8.111679	0.002142	0.6
557	-0.898976	180.697535	8.120674	0.001704	0.6
558	-0.843087	181.528007	8.087375	0.001244	0.6
559	-0.887158	181.322354	8.095596	0.001428	0.6
560	-0.864396	181.137902	8.102983	0.001469	0.5
561	-0.866359	180.914223	8.111959	0.001718	0.5
562	-0.884343	180.803727	8.116401	0.000978	0.5
563	-0.884579	180.682151	8.121294	0.001429	0.5
564	-0.866211	180.711600	8.120108	0.001454	0.5
565	-0.891462	180.492597	8.128934	0.000343	0.5
566	-0.884969	180.439502	8.131076	0.001904	0.6
567	-0.861675	180.816136	8.115902	0.002409	0.6
568	-0.905343	180.592372	8.124911	0.003476	0.6
569	-0.897191	181.592372	8.084806	0.001435	0.6
570	-0.862642	181.368647	8.093744	0.002456	0.5
571	-0.844216	181.307468	8.096191	0.001564	0.7
572	-0.891278	182.302462	8.056567	0.001060	0.6
573	-0.875957	182.080380	8.065378	0.001091	0.6
574	-0.915554	182.726978	8.039780	0.002694	0.6
575	-0.893583	183.718616	8.000836	0.003502	0.6
576	-0.878404	183.494851	8.009590	0.002289	0.6
577	-0.880259	184.494851	7.970613	0.001517	0.5
578	-0.867287	185.491931	7.932126	0.002036	0.5
579	-0.874447	185.268167	7.940731	0.001753	0.6
580	-0.897785	185.081472	7.947925	0.000968	0.6
581	-0.876594	185.939350	7.914976	0.002393	0.6
582	-0.871126	186.356726	7.899044	0.001543	0.6
583	-0.885364	186.133198	7.907569	0.001959	0.6
584	-0.903065	186.122799	7.907966	0.002169	0.6
585	-0.871893	185.899034	7.916518	0.002200	0.6
586	-0.887369	186.899023	7.878440	0.001702	0.6
587	-0.858453	186.675613	7.886915	0.002872	0.7
588	-0.850732	187.675612	7.849120	0.002681	0.7
589	-0.860331	188.675612	7.811686	0.000743	0.5
590	-0.872113	189.674005	7.774666	0.000882	0.6
591	-0.903206	189.765424	7.771294	0.001163	0.6
592	-0.866485	189.738778	7.772276	0.003464	0.6
593	-0.844953	189.515018	7.780538	0.000795	0.6
594	-0.888935	190.514207	7.743782	0.002869	0.6
595	-0.845938	191.242227	7.717220	0.001733	0.6
596	-0.863422	191.018484	7.725364	0.002084	0.6
597	-0.884179	191.956941	7.691320	0.001381	0.6
598	-0.844398	192.540666	7.670295	0.001146	0.6
599	-0.863013	193.534341	7.634768	0.001984	0.5
600	-0.880733	193.319569	7.642419	0.001708	0.6
601	-0.883238	193.097154	7.650359	0.001658	0.6
602	-0.878278	192.874025	7.658340	0.000958	0.6
603	-0.890028	192.957610	7.655348	0.001412	0.6
604	-0.884244	192.737712	7.663224	0.002813	0.6
605	-0.886203	193.737699	7.627538	0.001603	0.7
606	-0.886338	194.737698	7.592183	0.001597	0.6
607	-0.867874	194.514365	7.600050	0.001379	0.7
608	-0.857124	194.801790	7.589928	0.000998	0.6
609	-0.900107	194.621370	7.596279	0.001081	0.5
610	-0.873061	195.514609	7.564940	0.001204	0.6
611	-0.898718	195.486972	7.565906	0.001450	0.6
612	-0.870104	195.266984	7.573602	0.001826	0.6
613	-0.841555	196.235036	7.539852	0.001520	0.6
614	-0.849177	196.012609	7.547580	0.001300	0.6
615	-0.895087	196.435567	7.532898	0.001274	0.5
616	-0.864781	196.242122	7.539606	0.001285	0.6
617	-0.870489	196.018661	7.547369	0.003030	0.6
618	-0.913109	197.018656	7.512752	0.001113	0.6
619	-0.928759	197.629691	7.491755	0.001903	0.5
620	-0.896560	197.467761	7.497308	0.002164	0.6
621	-0.880660	197.247829	7.504863	0.001494	0.5
622	-0.873693	198.243231	7.470789	0.001491	0.6
623	-0.898989	198.157939	7.473697	0.001886	0.6
624	-0.879462	199.145389	7.440174	0.000776	0.5
625	-0.850723	199.234519	7.437163	0.002218	0.5
626	-0.887267	199.641490	7.423445	0.002131	0.7
627	-0.890848	200.641486	7.389952	0.001874	0.6
628	-0.861779	201.430419	7.363741	0.001398	0.7
629	-0.873301	201.206668	7.371156	0.001415	0.6
630	-0.883126	202.205007	7.338187	0.001498	0.6
631	-0.857233	202.884192	7.315925	0.002113	0.6
632	-0.863251	203.881810	7.283470	0.001833	0.5
633	-0.863532	203.661016	7.290628	0.001948	0.6
634	-0.904936	203.437301	7.297896	0.000937	0.7
635	-0.886133	203.737673	7.288142	0.002152	0.7
636	-0.870466	203.514200	7.295396	0.000976	0.6
637	-0.879346	204.492630	7.263741	0.002258	0.6
638	-0.868680	205.490542	7.231737	0.000259	0.6
639	-0.884001	205.605033	7.228083	0.001485	0.6
640	-0.856236	205.531057	7.230443	0.001404	0.7
641	-0.879100	205.913340	7.218262	0.000880	0.6
642	-0.878439	205.748166	7.223520	0.002147	0.6
643	-0.904056	206.393451	7.203022	0.001976	0.5
644	-0.915714	206.169686	7.210117	0.002106	0.5
645	-0.893646	205.960937	7.216748	0.002622	0.5
646	-0.845028	206.960916	7.185091	0.001247	0.5
647	-0.865955	207.959927	7.153741	0.002005	0.6
648	-0.887200	207.736204	7.160738	0.001026	0.6
649	-0.869874	208.499092	7.136935	0.001285	0.6
650	-0.899889	209.436021	7.107917	0.001167	0.6
651	-0.863634	210.100184	7.087489	0.000659	0.6
652	-0.872778	210.118798	7.086918	0.001189	0.6
653	-0.884558	209.917777	7.093087	0.001650	0.7
654	-0.888561	210.907598	7.062813	0.001853	0.6
655	-0.873507	210.683837	7.069634	0.001356	0.6
656	-0.879714	210.763708	7.067198	0.000949	0.6
657	-0.872125	210.644987	7.070820	0.001753	0.6
658	-0.899148	211.389434	7.048169	0.002374	0.5
659	-0.889781	212.389167	7.017978	0.001325	0.6
660	-0.858093	212.690205	7.008937	0.000710	0.6
661	-0.903682	212.663596	7.009735	0.001981	0.5
662	-0.858149	213.622107	6.981098	0.000978	0.5
663	-0.871188	213.464882	6.985780	0.002299	0.6
664	-0.883912	213.363412	6.988804	0.002619	0.6
665	-0.869261	213.140428	6.995460	0.002300	0.6
666	-0.899651	212.916663	7.002152	0.001748	0.5
667	-0.874686	213.563965	6.982829	0.001509	0.6
668	-0.879289	214.560057	6.953301	0.002161	0.5
669	-0.857407	214.344061	6.959683	0.001214	0.5
670	-0.880915	215.343655	6.930247	0.001841	0.6
671	-0.883069	215.236451	6.933392	0.000826	0.5
672	-0.874394	215.016390	6.939857	0.001265	0.6
673	-0.867491	215.941004	6.912776	0.000756	0.6
674	-0.842523	215.726768	6.919032	0.000609	0.5
675	-0.870313	216.146797	6.906777	0.002091	0.6
676	-0.919419	215.934653	6.912961	0.000696	0.6
677	-0.860881	215.714704	6.919384	0.001597	0.6
678	-0.863433	216.552874	6.894970	0.002956	0.6
679	-0.876754	217.510495	6.867287	0.000888	0.7
680	-0.887996	217.286844	6.873732	0.001718	0.6
681	-0.864916	217.074712	6.879857	0.001605	0.6
682	-0.848439	217.493573	6.867774	0.001669	0.6
683	-0.886382	217.288705	6.873679	0.001817	0.6
684	-0.876800	218.284482	6.845074	0.002041	0.6
685	-0.877361	218.061251	6.851466	0.001798	0.6
686	-0.882526	217.839373	6.857831	0.002579	0.6
687	-0.846472	218.824230	6.829669	0.001761	0.6
688	-0.855731	219.823609	6.801327	0.001654	0.6
689	-0.914444	219.639267	6.806537	0.002460	0.6
690	-0.873289	219.416707	6.812838	0.002070	0.6
691	-0.878440	220.402915	6.785005	0.001981	0.6
692	-0.830716	221.402912	6.757015	0.001283	0.6
693	-0.887173	222.338058	6.731047	0.003094	0.7
694	-0.857287	223.338056	6.703499	0.001360	0.7
695	-0.905966	224.338040	6.676176	0.001789	0.6
696	-0.888231	225.132695	6.654622	0.002590	0.6
697	-0.834691	225.624724	6.641345	0.001613	0.6
698	-0.858414	225.400959	6.647377	0.002065	0.6
699	-0.863694	226.391973	6.620748	0.001604	0.5
700	-0.892197	226.202051	6.625835	0.001447	0.6
701	-0.848647	225.997322	6.631327	0.002190	0.6
702	-0.845445	225.773559	6.637340	0.001274	0.5
703	-0.855607	226.216599	6.625445	0.002206	0.5
704	-0.865243	227.216475	6.598756	0.001531	0.7
705	-0.917663	228.216442	6.572279	0.002379	0.5
706	-0.867459	228.014363	6.577613	0.003702	0.5
707	-0.879253	227.790598	6.583529	0.002215	0.5
708	-0.863149	228.790598	6.557172	0.001795	0.6
709	-0.846807	229.779736	6.531309	0.001796	0.5
710	-0.868690	229.564531	6.536919	0.001644	0.7
711	-0.895618	230.443907	6.514057	0.001410	0.6
712	-0.865817	231.437502	6.488418	0.002760	0.6
713	-0.850679	231.221963	6.493963	0.001300	0.5
714	-0.884020	231.557129	6.485345	0.001783	0.6
715	-0.857512	231.336262	6.491021	0.001865	0.6
716	-0.859601	232.331455	6.465522	0.000854	0.6
717	-0.863792	233.069072	6.446751	0.001448	0.6
718	-0.861545	232.849480	6.452328	0.001318	0.7
719	-0.881476	233.740985	6.429747	0.002214	0.6
720	-0.892698	234.740942	6.404606	0.002296	0.6
721	-0.893255	235.525410	6.385020	0.000884	0.6
722	-0.850690	236.050746	6.371971	0.001238	0.6
723	-0.865341	236.223395	6.367694	0.001348	0.6
724	-0.851180	237.174397	6.344239	0.001057	0.6
725	-0.905206	237.081571	6.346521	0.003888	0.5
726	-0.866187	238.081264	6.322032	0.002475	0.5
727	-0.885991	237.970354	6.324739	0.002080	0.6
728	-0.867040	238.969815	6.300424	0.003136	0.6
729	-0.878776	238.818193	6.304100	0.002102	0.6
730	-0.880646	238.594428	6.309534	0.002901	0.6
731	-0.889822	239.594372	6.285324	0.001998	0.6
732	-0.892862	240.594366	6.261297	0.001530	0.7
733	-0.862711	241.577248	6.237860	0.002155	0.6
734	-0.867591	241.943877	6.229162	0.001082	0.6
735	-0.893062	242.937620	6.205709	0.001524	0.6
736	-0.896983	243.154442	6.200615	0.001812	0.6
737	-0.905186	242.963556	6.205099	0.001325	0.6
738	-0.867691	243.069233	6.202616	0.000855	0.5
739	-0.865129	243.951435	6.181963	0.001102	0.5
740	-0.928736	243.742121	6.186851	0.001535	0.6
741	-0.914990	243.907325	6.182992	0.001708	0.7
742	-0.896657	244.349864	6.172681	0.001242	0.6
743	-0.883991	244.299659	6.173849	0.002307	0.6
744	-0.877473	245.290116	6.150885	0.000997	0.6
745	-0.876133	245.092119	6.155462	0.002383	0.6
746	-0.857785	244.869164	6.160624	0.001566	0.6
747	-0.858629	245.869060	6.137542	0.001066	0.6
748	-0.857598	246.605897	6.120642	0.002249	0.5
749	-0.871646	246.382469	6.125757	0.001997	0.6
750	-0.866398	246.158705	6.130888	0.002067	0.6
751	-0.876017	245.934941	6.136027	0.001669	0.6
752	-0.902037	246.830155	6.115517	0.000593	0.6
753	-0.900158	247.231535	6.106366	0.003023	0.6
754	-0.885678	247.560332	6.098890	0.002122	0.6
755	-0.888927	247.336571	6.103976	0.000776	0.5
756	-0.870708	247.726432	6.095121	0.001703	0.5
757	-0.877819	247.505143	6.100144	0.003709	0.5
758	-0.921862	247.281378	6.105232	0.001956	0.6
759	-0.902860	247.090528	6.109578	0.001882	0.6
760	-0.903450	247.782789	6.093843	0.003058	0.6
761	-0.864634	247.559467	6.098910	0.001039	0.6
762	-0.915666	248.261950	6.082998	0.001488	0.6
763	-0.857937	248.062351	6.087511	0.000795	0.8
764	-0.903725	248.424950	6.079318	0.001827	0.6
765	-0.887295	248.538144	6.076765	0.002092	0.6
766	-0.909511	249.538070	6.054305	0.001994	0.6
767	-0.889571	249.314306	6.059317	0.002121	0.6
768	-0.902443	250.314300	6.036984	0.003154	0.6
769	-0.885399	250.090535	6.041967	0.001667	0.6
770	-0.876597	249.959472	6.044889	0.001741	0.5
771	-0.873099	249.735777	6.049884	0.002186	0.6
772	-0.845432	249.582402	6.053313	0.002146	0.6
773	-0.862304	249.405536	6.057272	0.001445	0.7
774	-0.855755	249.181776	6.062289	0.002866	0.6
775	-0.892049	248.958012	6.067314	0.002657	0.6
776	-0.848777	249.958012	6.044922	0.002117	0.5
777	-0.899587	250.958012	6.022694	0.002243	0.6
778	-0.919658	251.958011	6.000630	0.001151	0.6
779	-0.881675	251.762622	6.004928	0.001869	0.5
780	-0.883148	251.539333	6.009848	0.001683	0.6
781	-0.873791	251.315578	6.014786	0.001714	0.6
782	-0.874456	252.315539	5.992780	0.001659	0.7
783	-0.877636	252.198350	5.995351	0.001770	0.7
784	-0.877815	252.051814	5.998568	0.002084	0.6
785	-0.892792	251.828050	6.003488	0.001805	0.6
786	-0.882088	252.680721	5.984784	0.002421	0.6
787	-0.896007	252.457097	5.989678	0.001857	0.6
788	-0.889407	253.457084	5.967855	0.002259	0.5
789	-0.859479	254.455341	5.946227	0.003104	0.6
790	-0.880051	255.455288	5.924719	0.001433	0.6
791	-0.871124	256.454819	5.903376	0.001509	0.6
792	-0.848446	256.271920	5.907270	0.002631	0.6
793	-0.855730	256.053733	5.911922	0.001908	0.6
794	-0.903666	257.046647	5.890810	0.000939	0.6
795	-0.914642	256.963600	5.892570	0.001439	0.6
796	-0.855902	257.854280	5.873749	0.002038	0.6
797	-0.850147	257.660651	5.877830	0.001550	0.6
798	-0.877100	258.469806	5.860812	0.000911	0.5
799	-0.841464	259.039089	5.848898	0.001985	0.6
800	-0.850308	259.870285	5.831589	0.002047	0.6
801	-0.916780	259.646740	5.836234	0.001089	0.5
802	-0.859797	259.447092	5.840389	0.001959	0.7
803	-0.872702	260.427032	5.820052	0.000696	0.6
804	-0.862696	260.212452	5.824493	0.002028	0.7
805	-0.870023	260.010560	5.828678	0.003097	0.7
806	-0.865960	260.158572	5.825609	0.002191	0.6
807	-0.866725	261.147130	5.805198	0.001502	0.6
808	-0.849363	262.143200	5.784776	0.001426	0.6
809	-0.875266	261.923217	5.789274	0.003506	0.6
810	-0.878283	261.709991	5.793640	0.001291	0.6
811	-0.869803	262.647064	5.774500	0.001936	0.6
812	-0.895901	263.067835	5.765947	0.002702	0.5
813	-0.877310	264.061296	5.745852	0.002304	0.6
814	-0.892789	265.061296	5.725766	0.001459	0.6
815	-0.857688	266.058704	5.705871	0.002323	0.6
816	-0.862657	266.875422	5.689683	0.001629	0.5
817	-0.860875	267.873950	5.670016	0.002745	0.6
818	-0.896178	268.873950	5.650456	0.002022	0.6
819	-0.874484	269.873934	5.631030	0.001381	0.5
820	-0.869064	270.815303	5.612865	0.003074	0.5
821	-0.899240	271.607560	5.597668	0.001499	0.6
822	-0.878574	271.383798	5.601952	0.002623	0.6
823	-0.896149	271.160033	5.606243	0.002067	0.7
824	-0.886802	272.160033	5.587119	0.002247	0.6
825	-0.888932	273.160033	5.568126	0.002074	0.7
826	-0.845304	272.936269	5.572364	0.001988	0.6
827	-0.919396	273.936267	5.553471	0.001415	0.6
828	-0.877803	274.548336	5.541970	0.003351	0.8
829	-0.914215	275.537722	5.523479	0.002894	0.7
830	-0.852724	276.537722	5.504915	0.001961	0.6
831	-0.872321	277.377683	5.489419	0.002980	0.8
832	-0.904823	277.154051	5.493536	0.001299	0.7
833	-0.900643	277.980518	5.478350	0.002276	0.6
834	-0.869212	277.814285	5.481398	0.000873	0.7
835	-0.875696	277.655922	5.484304	0.001526	0.7
836	-0.864301	278.185117	5.474604	0.001993	0.6
837	-0.858561	277.961926	5.478691	0.000757	0.6
838	-0.858201	278.069139	5.476727	0.002135	0.6
839	-0.845122	278.644182	5.466217	0.001765	0.6
840	-0.877051	278.463079	5.469522	0.001980	0.6
841	-0.854770	279.160978	5.456805	0.001149	0.6
842	-0.857774	280.158554	5.438730	0.001779	0.6
843	-0.908463	279.938540	5.442706	0.001359	0.6
844	-0.884636	280.630997	5.430211	0.002929	0.6
845	-0.890165	280.409293	5.434205	0.001203	0.6
846	-0.869587	280.410496	5.434184	0.001533	0.6
847	-0.870177	281.357171	5.417169	0.001463	0.6
848	-0.855925	282.344924	5.399530	0.002977	0.7
849	-0.872741	282.121161	5.403516	0.002037	0.6
850	-0.889824	281.897396	5.407508	0.002266	0.6
851	-0.884943	282.897020	5.389720	0.001919	0.6
852	-0.887144	282.673256	5.393692	0.001568	0.5
853	-0.877965	282.449497	5.397669	0.001560	0.5
854	-0.897218	283.101547	5.386096	0.001370	0.6
855	-0.867590	283.310208	5.382402	0.001548	0.6
856	-0.875464	283.149635	5.385244	0.003208	0.6
857	-0.887283	284.149614	5.367596	0.001851	0.6
858	-0.893029	283.925858	5.371535	0.000788	0.6
859	-0.899354	283.742132	5.374774	0.000569	0.6
860	-0.894134	283.654474	5.376320	0.001512	0.6
861	-0.870864	283.941179	5.371265	0.001544	0.7
862	-0.876591	284.835419	5.355560	0.001271	0.7
863	-0.878595	285.753889	5.339525	0.001856	0.6
864	-0.898358	285.530163	5.343422	0.002596	0.7
865	-0.863926	285.306398	5.347325	0.001572	0.6
866	-0.890511	285.130147	5.350404	0.001374	0.6
867	-0.883330	285.721131	5.340095	0.001870	0.6
868	-0.880485	286.599204	5.324851	0.000623	0.6
869	-0.868844	286.396429	5.328364	0.001923	0.6
870	-0.885396	286.679783	5.323457	0.002674	0.6
871	-0.856400	286.456019	5.327331	0.001412	0.6
872	-0.850494	286.232254	5.331211	0.001828	0.6
873	-0.893874	287.191643	5.314615	0.001730	0.5
874	-0.864763	286.967878	5.318477	0.001911	0.6
875	-0.879089	286.744123	5.322344	0.001567	0.6
876	-0.888665	287.743687	5.305113	0.000778	0.6
877	-0.893116	287.564659	5.308191	0.001812	0.5
878	-0.888696	288.518070	5.291840	0.002378	0.6
879	-0.887769	289.518059	5.274798	0.002316	0.6
880	-0.878246	289.294310	5.278601	0.000824	0.6
881	-0.861160	289.106250	5.281803	0.001242	0.7
882	-0.868479	288.922325	5.284937	0.001153	0.6
883	-0.831723	289.346432	5.277715	0.001775	0.6
884	-0.877192	289.122777	5.281521	0.000694	0.6
885	-0.866642	288.974383	5.284050	0.001083	0.6
886	-0.884279	288.796565	5.287082	0.001158	0.6
887	-0.897976	288.989512	5.283792	0.002818	0.6
888	-0.877254	289.239583	5.279533	0.002763	0.6
889	-0.813889	290.239583	5.262570	0.000765	0.5
890	-0.905441	291.198223	5.246410	0.001194	0.5
891	-0.864841	291.911372	5.234453	0.001638	0.6
892	-0.859701	292.498373	5.224652	0.001448	0.7
893	-0.840994	292.732539	5.220753	0.001922	0.6
894	-0.881232	292.509108	5.224473	0.000509	0.6
895	-0.862479	292.291815	5.228097	0.003066	0.6
896	-0.886166	292.070731	5.231789	0.002844	0.6
897	-0.883769	291.846966	5.235531	0.000903	0.6
898	-0.839005	291.630516	5.239156	0.001312	0.6
899	-0.892174	291.415745	5.242758	0.001556	0.5
900	-0.911612	291.199704	5.246385	0.000857	0.5
901	-0.895927	291.100213	5.248058	0.001348	0.5
902	-0.876606	290.879372	5.251774	0.001312	0.6
903	-0.841587	290.656633	5.255527	0.002815	0.5
904	-0.911911	290.435392	5.259261	0.000548	0.6
905	-0.890385	290.214594	5.262992	0.001209	0.6
906	-0.896551	290.255151	5.262306	0.003347	0.6
907	-0.842044	290.728221	5.254321	0.001862	0.6
908	-0.863882	291.728221	5.237519	0.001535	0.6
909	-0.843865	292.728118	5.220826	0.001650	0.6
910	-0.866707	293.687066	5.204917	0.001571	0.6
911	-0.892342	294.673106	5.188659	0.001096	0.6
912	-0.895369	295.426621	5.176303	0.001925	0.5
913	-0.863275	295.206972	5.179898	0.001583	0.6
914	-0.865889	296.206125	5.163583	0.001182	0.6
915	-0.882718	295.986476	5.167160	0.001997	0.6
916	-0.874832	296.940799	5.151651	0.001011	0.6
917	-0.881765	297.603543	5.140935	0.002204	0.6
918	-0.890606	298.590029	5.125066	0.001667	0.6
919	-0.887719	298.380364	5.128430	0.002621	0.5
920	-0.890592	298.156607	5.132026	0.001557	0.6
921	-0.898955	298.686521	5.123519	0.001852	0.6
922	-0.875413	299.686126	5.107549	0.000335	0.5
923	-0.886999	299.517334	5.110238	0.000979	0.6
924	-0.884433	299.823124	5.105368	0.001468	0.6
925	-0.906668	300.695829	5.091518	0.001130	0.6
926	-0.869647	301.688450	5.075856	0.002110	0.6
927	-0.883885	302.663764	5.060560	0.002508	0.6
928	-0.891285	303.663734	5.044974	0.002014	0.6
929	-0.920034	303.439969	5.048453	0.001257	0.6
930	-0.856514	303.272724	5.051057	0.001387	0.6
931	-0.874017	303.059502	5.054380	0.001776	0.5
932	-0.886322	302.863304	5.057442	0.002829	0.5
933	-0.822570	302.639542	5.060939	0.001054	0.6
934	-0.875951	303.639040	5.045357	0.001638	0.6
935	-0.858323	303.481067	5.047814	0.002083	0.5
936	-0.899667	304.471488	5.032453	0.002644	0.6
937	-0.852895	305.470931	5.017047	0.002233	0.6
938	-0.865037	306.470634	5.001731	0.001621	0.6
939	-0.878360	307.470628	4.986504	0.002843	0.6
940	-0.853306	307.246876	4.989903	0.001781	0.6
941	-0.876387	307.023125	4.993306	0.002359	0.6
942	-0.862240	306.799360	4.996715	0.001625	0.6
943	-0.873535	307.472865	4.986470	0.002573	0.6
944	-0.885258	307.249256	4.989867	0.001776	0.6
945	-0.890091	307.026248	4.993259	0.001620	0.6
946	-0.887522	306.864431	4.995723	0.002052	0.5
947	-0.853495	307.855730	4.980664	0.001556	0.6
948	-0.855407	308.032584	4.977987	0.002017	0.5
949	-0.882720	309.031558	4.962919	0.001625	0.5
950	-0.915938	309.692480	4.953000	0.001621	0.6
951	-0.906649	310.647476	4.938738	0.001295	0.6
952	-0.873591	311.045467	4.932818	0.000893	0.6
953	-0.890774	310.903634	4.934926	0.001064	0.5
954	-0.880049	311.384558	4.927786	0.001194	0.6
955	-0.879788	311.232711	4.930038	0.000922	0.6
956	-0.874179	311.043960	4.932841	0.001773	0.6
957	-0.855477	311.131638	4.931539	0.000802	0.5
958	-0.877799	311.006130	4.933403	0.001366	0.5
959	-0.866015	310.886926	4.935175	0.001213	0.6
960	-0.873893	311.881224	4.920434	0.001013	0.6
961	-0.894383	312.623328	4.909489	0.002143	0.6
962	-0.882069	312.408199	4.912657	0.003088	0.6
963	-0.886536	312.188185	4.915901	0.002727	0.6
964	-0.849192	313.188185	4.901191	0.001985	0.6
965	-0.888516	312.969688	4.904397	0.002548	0.6
966	-0.892485	312.745924	4.907685	0.001882	0.6
967	-0.886546	312.525763	4.910925	0.001771	0.5
968	-0.902023	312.301999	4.914222	0.002476	0.6
969	-0.880303	313.297094	4.899594	0.001695	0.6
970	-0.880390	313.371912	4.898498	0.002298	0.6
971	-0.838666	313.148228	4.901777	0.001830	0.6
972	-0.863602	314.148193	4.887152	0.001386	0.6
973	-0.892300	315.147847	4.872618	0.003225	0.6
974	-0.897536	316.103239	4.858808	0.001855	0.6
975	-0.876355	317.100313	4.844479	0.002206	0.6
976	-0.835992	316.898631	4.847371	0.002402	0.6
977	-0.821446	317.898631	4.833068	0.002336	0.6
978	-0.881622	317.676710	4.836235	0.001590	0.6
979	-0.892409	318.627421	4.822697	0.002940	0.6
980	-0.869264	319.562412	4.809456	0.000719	0.6
981	-0.887953	320.325449	4.798705	0.001694	0.6
982	-0.878506	320.116622	4.801642	0.001553	0.5
983	-0.871895	321.072680	4.788222	0.002178	0.7
984	-0.876598	322.072677	4.774265	0.001341	0.6
985	-0.893296	321.849650	4.777371	0.001801	0.6
986	-0.851463	322.806669	4.764073	0.001261	0.7
987	-0.855721	322.731851	4.765110	0.002000	0.7
988	-0.871057	323.584239	4.753322	0.001598	0.6
989	-0.886147	324.582481	4.739592	0.002537	0.6
990	-0.887981	324.391163	4.742217	0.001651	0.6
991	-0.845693	325.391161	4.728527	0.002283	0.6
992	-0.880530	325.167455	4.731583	0.001296	0.6
993	-0.881225	324.943702	4.734643	0.000705	0.6
994	-0.856508	324.737385	4.737469	0.001364	0.6
995	-0.895002	324.690075	4.738117	0.002956	0.6
996	-0.878841	324.466311	4.741186	0.001763	0.5
997	-0.866714	324.242546	4.744259	0.001446	0.5
998	-0.835892	325.188478	4.731296	0.001613	0.6
999	-0.862328	324.964770	4.734355	0.000934	0.6
