1:ItNr	2:Metric	3a:Time	3b:StepSize	4:||Gradient||	Time[ms]
0	-1.523992	0.000000	145.398283	0.003283	12.0
1	-1.551281	0.000000	145.398283	0.003659	0.6
2	-1.534487	1.000000	138.789270	0.002076	0.5
3	-1.542532	2.000000	132.754954	0.001750	0.5
4	-1.544995	1.919680	133.220185	0.001341	0.5
5	-1.541419	1.839359	133.688687	0.001607	0.6
6	-1.538011	1.759039	134.160497	0.001436	0.5
7	-1.556787	1.678718	134.635648	0.002097	0.5
8	-1.552487	1.598398	135.114177	0.001736	0.5
9	-1.552988	1.518078	135.596120	0.001704	0.5
10	-1.538076	1.437757	136.081513	0.001761	0.5
11	-1.527670	1.357437	136.570394	0.001956	0.6
12	-1.565279	1.277116	137.062800	0.001881	0.6
13	-1.516356	1.196796	137.558770	0.001703	0.7
14	-1.545362	1.116476	138.058342	0.002085	0.6
15	-1.576658	1.036155	138.561556	0.001495	0.6
16	-1.561292	0.955835	139.068452	0.001564	0.6
17	-1.552643	0.875514	139.579070	0.001612	0.6
18	-1.544513	0.795194	140.093451	0.002496	0.5
19	-1.556627	0.714874	140.611638	0.001698	0.6
20	-1.554531	0.634553	141.133673	0.001813	0.5
21	-1.583101	0.554233	141.659598	0.002006	0.5
22	-1.549177	0.473912	142.189457	0.002155	0.6
23	-1.569028	0.393592	142.723295	0.001841	0.5
24	-1.542829	0.313272	143.261157	0.001522	0.5
25	-1.572115	0.232951	143.803088	0.001568	0.5
26	-1.564663	0.152631	144.349135	0.001594	0.5
27	-1.570418	0.072310	144.899344	0.002491	0.5
28	-1.524328	0.000000	145.398283	0.001622	0.5
29	-1.559140	0.000000	145.398283	0.001303	0.5
30	-1.540612	0.000000	145.398283	0.002108	0.5
31	-1.540260	0.000000	145.398283	0.002278	0.5
32	-1.542214	0.000000	145.398283	0.001645	0.5
33	-1.525540	0.000000	145.398283	0.001753	0.5
34	-1.561149	0.000000	145.398283	0.001438	0.6
35	-1.522393	0.000000	145.398283	0.001758	0.6
36	-1.534875	0.000000	145.398283	0.001342	0.7
37	-1.571597	0.000000	145.398283	0.001807	0.6
38	-1.543574	0.000000	145.398283	0.001381	0.5
39	-1.550536	0.000000	145.398283	0.001722	0.6
40	-1.570318	0.000000	145.398283	0.001656	0.5
41	-1.526058	0.000000	145.398283	0.001826	0.5
42	-1.549591	0.000000	145.398283	0.001471	0.6
43	-1.536657	0.000000	145.398283	0.001667	0.5
44	-1.561940	0.000000	145.398283	0.001274	0.5
45	-1.568774	0.000000	145.398283	0.001353	0.6
46	-1.531693	0.000000	145.398283	0.001128	0.5
47	-1.547853	0.000000	145.398283	0.001648	0.5
48	-1.537296	0.000000	145.398283	0.001211	0.5
49	-1.562177	0.000000	145.398283	0.001495	0.5
50	-1.572514	0.000000	145.398283	0.001503	0.5
51	-1.574130	0.000000	145.398283	0.001743	0.5
52	-1.521121	0.000000	145.398283	0.001462	0.5
53	-1.558070	0.000000	145.398283	0.001861	0.5
54	-1.560104	0.000000	145.398283	0.001815	0.5
55	-1.561437	0.000000	145.398283	0.001412	0.5
56	-1.570618	0.000000	145.398283	0.000559	0.5
57	-1.552025	0.000000	145.398283	0.001132	0.6
58	-1.563094	0.000000	145.398283	0.001608	0.6
59	-1.554154	0.000000	145.398283	0.002088	0.7
60	-1.550399	0.000000	145.398283	0.001394	0.6
61	-1.584502	0.008652	145.338402	0.000803	0.6
62	-1.575110	0.000000	145.398283	0.001077	0.6
63	-1.530385	0.000000	145.398283	0.001354	0.6
64	-1.558137	0.000000	145.398283	0.000863	0.6
65	-1.578642	0.000000	145.398283	0.001314	0.6
66	-1.574470	0.000000	145.398283	0.001688	0.5
67	-1.553808	0.000000	145.398283	0.001525	0.5
68	-1.553366	0.000000	145.398283	0.000821	0.5
69	-1.568629	0.000000	145.398283	0.001381	0.5
70	-1.550468	0.000000	145.398283	0.001644	0.5
71	-1.572795	0.000000	145.398283	0.001117	0.6
72	-1.566381	0.000000	145.398283	0.001372	0.5
73	-1.535930	0.000000	145.398283	0.001258	0.5
74	-1.548119	0.000000	145.398283	0.001382	0.5
75	-1.583764	0.999334	138.793472	0.001047	0.5
76	-1.586399	0.919014	139.302069	0.001003	0.5
77	-1.535580	0.838793	139.813768	0.001419	0.5
78	-1.570279	0.758473	140.329884	0.001423	0.5
79	-1.572212	0.678170	140.849711	0.001091	0.6
80	-1.528955	0.597851	141.373507	0.000799	0.7
81	-1.564223	0.517531	141.901225	0.001852	0.7
82	-1.545822	1.517531	135.599414	0.001037	0.6
83	-1.548671	1.465964	135.910658	0.000936	0.6
84	-1.572129	1.385644	136.398309	0.001074	0.6
85	-1.550087	1.305323	136.889473	0.000748	0.5
86	-1.558173	2.304245	131.021793	0.000996	0.5
87	-1.563337	2.223947	131.474808	0.001385	0.6
88	-1.537381	2.143626	131.931094	0.001300	0.5
89	-1.549100	3.143626	126.466667	0.000999	0.5
90	-1.586852	3.063330	126.888672	0.000967	0.5
91	-1.558529	3.779500	123.221371	0.000956	0.6
92	-1.546523	3.699179	123.622081	0.000869	0.5
93	-1.582503	3.618859	124.025404	0.001133	0.5
94	-1.574980	3.538646	124.430822	0.000478	0.5
95	-1.571927	3.467115	124.794605	0.000960	0.5
96	-1.545396	4.334971	120.519735	0.000815	0.5
97	-1.533579	5.207773	116.506042	0.000689	0.5
98	-1.566742	5.131483	116.846180	0.001219	0.5
99	-1.542777	6.130334	112.544280	0.000619	0.5
100	-1.568131	6.050015	112.878456	0.000981	0.6
101	-1.575108	5.971742	113.206033	0.001466	0.6
102	-1.579266	6.971742	109.158876	0.001170	0.6
103	-1.545253	6.891422	109.473227	0.000828	0.6
104	-1.557839	6.812336	109.784518	0.000912	0.5
105	-1.539069	7.812330	105.974212	0.000967	0.6
106	-1.552829	8.803928	102.448373	0.001162	0.6
107	-1.588918	8.733116	102.692364	0.000916	0.6
108	-1.546215	8.694285	102.826653	0.000936	0.5
109	-1.542339	8.671798	102.904579	0.000697	0.6
110	-1.553343	9.236231	100.983617	0.000757	0.5
111	-1.579501	9.155986	101.252334	0.000883	0.5
112	-1.546964	9.620332	99.716880	0.000827	0.5
113	-1.564192	9.540046	99.979021	0.000806	0.5
114	-1.539446	9.459726	100.242659	0.000998	0.5
115	-1.587016	9.379655	100.506868	0.000398	0.5
116	-1.561321	9.354787	100.589208	0.000828	0.5
117	-1.577505	10.010172	98.463301	0.000917	0.5
118	-1.555663	9.934413	98.704442	0.000469	0.5
119	-1.571838	10.929720	95.627646	0.000898	0.5
120	-1.558234	10.849520	95.868446	0.000694	0.5
121	-1.575410	10.769582	96.109667	0.000571	0.5
122	-1.559919	10.689431	96.352755	0.000294	0.5
123	-1.569653	10.617833	96.570944	0.000459	0.7
124	-1.564469	10.565297	96.731670	0.001171	0.6
125	-1.588488	11.563465	93.766554	0.001128	0.6
126	-1.562996	11.483165	93.998350	0.000432	0.5
127	-1.574918	12.475680	91.211408	0.000354	0.6
128	-1.560396	12.396611	91.427360	0.001058	0.6
129	-1.572902	13.273639	89.087825	0.000609	0.7
130	-1.561079	13.455686	88.617127	0.000561	0.6
131	-1.567037	14.403283	86.245221	0.000378	0.5
132	-1.573348	15.376620	83.937539	0.000839	0.5
133	-1.547426	15.296667	84.122433	0.000947	0.5
134	-1.561716	16.296667	81.866939	0.001075	0.5
135	-1.577707	16.216347	82.043624	0.000867	0.5
136	-1.559147	16.136159	82.220779	0.000665	0.6
137	-1.528762	17.134570	80.068136	0.000432	0.5
138	-1.560994	17.250929	79.824569	0.000396	0.5
139	-1.539897	17.171409	79.990863	0.000929	0.5
140	-1.534541	17.091290	80.159111	0.000918	0.5
141	-1.580991	18.090164	78.110799	0.001245	0.5
142	-1.568409	18.009843	78.271628	0.000903	0.5
143	-1.556253	19.009843	76.315318	0.000853	0.5
144	-1.569846	20.009843	74.454416	0.000413	0.6
145	-1.574836	21.004517	72.691323	0.000679	0.6
146	-1.566714	20.924281	72.830443	0.000956	0.6
147	-1.546371	21.924281	71.133724	0.000880	0.6
148	-1.562446	21.858155	71.243476	0.000613	0.6
149	-1.573672	21.777836	71.377241	0.000555	0.6
150	-1.559850	22.446711	70.278367	0.000440	0.6
151	-1.548520	22.394371	70.363134	0.000527	0.7
152	-1.577898	22.316828	70.489093	0.000725	0.6
153	-1.557085	22.774714	69.751773	0.000713	0.6
154	-1.560708	22.694394	69.879993	0.000703	0.6
155	-1.585913	22.614088	70.008662	0.000771	0.6
156	-1.555093	22.533784	70.137803	0.000623	0.5
157	-1.541539	22.453480	70.267420	0.000945	0.6
158	-1.576593	23.453479	68.686726	0.001171	0.5
159	-1.521097	24.453282	67.175874	0.000838	0.5
160	-1.561696	24.372962	67.294790	0.000730	0.5
161	-1.571320	24.292641	67.414129	0.001057	0.5
162	-1.557197	25.292641	65.957869	0.000729	0.5
163	-1.565764	26.292641	64.563193	0.000331	0.5
164	-1.550802	26.217252	64.666277	0.000991	0.5
165	-1.566193	27.214969	63.328133	0.000580	0.5
166	-1.543445	28.070057	62.224586	0.000529	0.6
167	-1.564845	28.347177	61.875150	0.000491	0.6
168	-1.571797	28.267734	61.974922	0.001443	0.6
169	-1.561568	29.267721	60.742041	0.000755	0.6
170	-1.562671	30.266958	59.558126	0.000372	0.6
171	-1.543836	30.322349	59.493846	0.000671	0.7
172	-1.597332	30.244286	59.584476	0.000613	0.5
173	-1.579306	30.163967	59.678015	0.000719	0.6
174	-1.601591	31.141969	58.558662	0.000669	0.7
175	-1.576083	31.072796	58.636451	0.000438	0.6
176	-1.587177	31.007188	58.710422	0.000570	0.6
177	-1.550428	30.933011	58.794279	0.000567	0.6
178	-1.558840	30.889039	58.844103	0.001007	0.5
179	-1.575418	30.808745	58.935301	0.000560	0.5
180	-1.529794	30.930898	58.796671	0.000713	0.6
181	-1.564273	30.850602	58.887725	0.000306	0.6
182	-1.549629	31.781384	57.849259	0.000965	0.5
183	-1.561374	31.701112	57.937372	0.000942	0.6
184	-1.560483	32.698861	56.860870	0.000880	0.6
185	-1.561212	32.668605	56.892925	0.000321	0.5
186	-1.573565	32.602186	56.963422	0.000845	0.5
187	-1.561263	32.532880	57.037169	0.000379	0.6
188	-1.536718	32.452562	57.122874	0.000642	0.6
189	-1.563085	32.393332	57.186241	0.000482	0.6
190	-1.553737	33.293762	56.237841	0.000801	0.6
191	-1.568479	34.270430	55.244078	0.000980	0.7
192	-1.555431	35.270430	54.262318	0.000428	0.6
193	-1.573946	36.228196	53.354188	0.000401	0.6
194	-1.522864	36.710404	52.908379	0.000529	0.6
195	-1.570633	36.636178	52.976517	0.000414	0.5
196	-1.568922	36.556209	53.050122	0.000793	0.8
197	-1.585584	36.487202	53.113803	0.000953	0.6
198	-1.570149	36.406882	53.188117	0.000968	0.6
199	-1.560717	37.406882	52.277469	0.000472	0.7
200	-1.570759	38.406094	51.398160	0.000385	0.6
201	-1.549709	38.330608	51.463554	0.000413	0.7
202	-1.559403	38.919076	50.958128	0.000349	0.6
203	-1.578827	38.843210	51.022730	0.000371	0.6
204	-1.568691	38.823893	51.039205	0.000383	0.6
205	-1.559960	39.441813	50.517412	0.000589	0.5
206	-1.545494	39.362095	50.584128	0.000622	0.6
207	-1.570019	40.361894	49.759936	0.000627	0.6
208	-1.581229	41.358424	48.964739	0.000618	0.6
209	-1.556528	41.716111	48.685480	0.000427	0.6
210	-1.567767	41.674409	48.717874	0.000533	0.6
211	-1.547375	41.627911	48.754044	0.000659	0.6
212	-1.550525	41.671210	48.720361	0.001206	0.6
213	-1.578999	41.590890	48.782881	0.000645	0.6
214	-1.527580	42.590890	48.015745	0.000649	0.5
215	-1.586250	42.570055	48.031482	0.000821	0.6
216	-1.533562	43.570054	47.287617	0.000647	0.5
217	-1.570188	43.516486	47.326879	0.000916	0.5
218	-1.579847	44.306346	46.754475	0.000654	0.6
219	-1.526336	44.236808	46.804312	0.000934	0.6
220	-1.562913	45.236803	46.097695	0.001116	0.5
221	-1.563154	45.156483	46.153662	0.000983	0.6
222	-1.555350	46.156483	45.466407	0.000838	0.6
223	-1.570513	46.076162	45.520850	0.000341	0.6
224	-1.578720	47.071644	44.855152	0.000501	0.6
225	-1.529921	47.263281	44.729229	0.000521	0.6
226	-1.547086	47.212004	44.762854	0.000725	0.6
227	-1.548097	47.146754	44.805714	0.001119	0.6
228	-1.571108	48.146705	44.157765	0.000739	0.6
229	-1.559874	49.146594	43.528328	0.000446	0.6
230	-1.566209	49.304188	43.430755	0.000681	0.7
231	-1.549513	49.231844	43.475491	0.000420	0.6
232	-1.580261	49.151572	43.525239	0.000471	0.6
233	-1.545886	49.080093	43.569633	0.001302	0.6
234	-1.557272	50.080088	42.956671	0.000934	0.6
235	-1.569781	51.080088	42.360713	0.001178	0.6
236	-1.512180	52.080088	41.781066	0.000708	0.5
237	-1.549276	53.080084	41.217069	0.000479	0.6
238	-1.570754	52.999781	41.261797	0.000772	0.6
239	-1.537547	53.846031	40.795268	0.000796	0.6
240	-1.531926	54.846029	40.257400	0.000726	0.6
241	-1.556903	55.827545	39.743089	0.000468	0.6
242	-1.547428	55.752050	39.782181	0.000755	0.5
243	-1.592774	56.608444	39.343193	0.000574	0.6
244	-1.581257	56.528142	39.383943	0.000934	0.6
245	-1.553124	57.528141	38.882417	0.000657	0.5
246	-1.583287	58.528139	38.393504	0.000840	0.6
247	-1.575509	58.821691	38.252308	0.000914	0.5
248	-1.573535	59.821691	37.779016	0.000238	0.5
249	-1.557186	59.849514	37.766015	0.000747	0.6
250	-1.559366	60.126039	37.637286	0.000565	0.6
251	-1.545929	60.995565	37.238160	0.000497	0.6
252	-1.530822	60.915448	37.274580	0.000580	0.6
253	-1.566446	61.226098	37.133757	0.000877	0.6
254	-1.555361	62.226087	36.687582	0.000350	0.5
255	-1.541996	62.172280	36.711317	0.000817	0.6
256	-1.568184	62.497115	36.568496	0.000505	0.6
257	-1.541177	63.497083	36.135732	0.000916	0.5
258	-1.542660	63.416785	36.170105	0.000526	0.6
259	-1.548498	64.416655	35.746705	0.000699	0.6
260	-1.577843	65.297281	35.381925	0.000769	0.5
261	-1.554010	66.297279	34.976622	0.001162	0.6
262	-1.582394	66.223819	35.006079	0.000836	0.5
263	-1.573556	67.223819	34.609292	0.000661	0.7
264	-1.550014	68.223716	34.221439	0.000731	0.6
265	-1.566372	68.844027	33.985163	0.000492	0.6
266	-1.540762	69.257744	33.829385	0.001021	0.5
267	-1.565898	69.177424	33.859516	0.001087	0.5
268	-1.548407	70.177424	33.488158	0.000525	0.6
269	-1.553257	70.109740	33.513035	0.000420	0.6
270	-1.575212	70.980825	33.195657	0.000846	0.6
271	-1.568912	70.900507	33.224669	0.000373	0.7
272	-1.548167	71.884431	32.872721	0.000272	0.6
273	-1.555343	71.824239	32.894037	0.001079	0.5
274	-1.540086	71.744096	32.922462	0.000817	0.6
275	-1.556094	72.744096	32.571267	0.001030	0.6
276	-1.561246	73.744087	32.227488	0.000513	0.6
277	-1.558317	74.744080	31.890890	0.000272	0.6
278	-1.574724	75.337316	31.694509	0.000594	0.6
279	-1.546568	75.295772	31.708183	0.000841	0.5
280	-1.596221	76.295740	31.382298	0.000380	0.6
281	-1.541051	77.284217	31.066676	0.000587	0.6
282	-1.554491	77.207300	31.091008	0.000226	0.6
283	-1.547247	77.222935	31.086059	0.000683	0.6
284	-1.582935	77.240909	31.080372	0.000843	0.6
285	-1.558917	78.240892	30.767196	0.001323	0.6
286	-1.544705	79.240890	30.460264	0.000482	0.7
287	-1.565761	80.240887	30.159395	0.000622	0.7
288	-1.570589	81.229972	29.867600	0.000786	0.6
289	-1.558556	82.229936	29.578280	0.000414	0.6
290	-1.538461	82.195507	29.588148	0.000886	0.5
291	-1.534041	83.195254	29.304252	0.000996	0.7
292	-1.576873	83.114933	29.326859	0.000887	0.6
293	-1.542823	84.091063	29.054459	0.000533	0.5
294	-1.566960	85.091058	28.780597	0.000638	0.6
295	-1.563959	85.018840	28.800201	0.001390	0.5
296	-1.531156	86.018840	28.531088	0.000511	0.6
297	-1.551310	85.938529	28.552515	0.000791	0.6
298	-1.555858	85.858209	28.573976	0.000451	0.5
299	-1.548803	85.780590	28.594747	0.000705	0.6
300	-1.562630	86.573695	28.383927	0.000768	0.6
301	-1.555921	87.573475	28.122559	0.000791	0.6
302	-1.566245	88.573474	27.865904	0.000319	0.6
303	-1.556829	88.655348	27.845098	0.000376	0.5
304	-1.562748	88.576928	27.865026	0.000901	0.6
305	-1.543051	89.576504	27.613135	0.000648	0.6
306	-1.543792	90.576414	27.365676	0.000667	0.5
307	-1.540060	90.496157	27.385374	0.001114	0.6
308	-1.571044	91.496157	27.141940	0.000562	0.6
309	-1.552532	91.415836	27.161333	0.000938	0.6
310	-1.540866	91.336318	27.180559	0.000555	0.6
311	-1.554760	91.256868	27.199796	0.000423	0.7
312	-1.552090	92.110521	26.994518	0.000876	0.6
313	-1.565910	92.030481	27.013633	0.000720	0.6
314	-1.592710	92.375757	26.931365	0.000436	0.5
315	-1.542160	92.623531	26.872637	0.000738	0.5
316	-1.560025	93.595903	26.644617	0.000667	0.6
317	-1.567456	93.515588	26.663304	0.000918	0.6
318	-1.544799	94.471554	26.442564	0.000570	0.6
319	-1.555735	95.471551	26.215534	0.000780	0.6
320	-1.531304	96.471545	25.992371	0.000705	0.7
321	-1.554514	96.391358	26.010125	0.000767	0.6
322	-1.585565	97.341138	25.801374	0.000761	0.6
323	-1.582099	98.341138	25.585175	0.001044	0.5
324	-1.563201	99.341136	25.372570	0.000948	0.6
325	-1.545234	100.341136	25.163469	0.001055	0.6
326	-1.562028	101.341121	24.957789	0.000269	0.5
327	-1.587841	101.265468	24.973232	0.000474	0.5
328	-1.567646	101.565370	24.912126	0.000649	0.6
329	-1.557718	102.439836	24.735645	0.000715	0.5
330	-1.533896	103.423094	24.540171	0.000670	0.6
331	-1.567589	104.417088	24.345677	0.000434	0.7
332	-1.559462	104.336851	24.361263	0.000591	0.6
333	-1.567887	104.257810	24.376635	0.000682	0.6
334	-1.547243	105.255149	24.184075	0.001091	0.6
335	-1.576082	105.190915	24.196385	0.000795	0.6
336	-1.581244	106.190915	24.006148	0.001312	0.6
337	-1.550995	107.190915	23.818879	0.000740	0.5
338	-1.558892	107.110603	23.833811	0.000562	0.6
339	-1.582496	107.035141	23.847859	0.000905	0.6
340	-1.582738	106.958868	23.862074	0.000382	0.6
341	-1.574036	106.878673	23.877038	0.000802	0.6
342	-1.542588	107.850747	23.696905	0.000716	0.5
343	-1.578650	107.770428	23.711686	0.000645	0.6
344	-1.566991	108.770425	23.528966	0.001041	0.6
345	-1.554076	109.770425	23.349041	0.000606	0.5
346	-1.573799	110.770366	23.171856	0.000919	0.6
347	-1.527984	110.690869	23.185844	0.000221	0.6
348	-1.567949	110.672094	23.189150	0.001190	0.6
349	-1.571523	111.622369	23.022994	0.000415	0.6
350	-1.567646	111.542055	23.036944	0.000398	0.6
351	-1.579640	112.476458	22.875674	0.000739	0.6
352	-1.549598	112.574751	22.858841	0.000259	0.5
353	-1.579025	112.505085	22.870769	0.000590	0.6
354	-1.549792	112.430654	22.883527	0.000842	0.7
355	-1.564294	113.430534	22.713322	0.000587	0.7
356	-1.540844	114.398114	22.551008	0.000562	0.8
357	-1.534025	115.220531	22.414859	0.000435	0.6
358	-1.571041	115.140301	22.428068	0.000444	0.6
359	-1.561435	115.079437	22.438100	0.000827	0.6
360	-1.555423	115.981726	22.290301	0.000700	0.6
361	-1.560170	115.907397	22.302403	0.000902	0.6
362	-1.553217	116.598196	22.190436	0.001284	0.6
363	-1.554804	117.598196	22.030330	0.001052	0.6
364	-1.561316	117.517897	22.043101	0.000507	0.6
365	-1.541265	117.438466	22.055748	0.000197	0.7
366	-1.554422	117.756239	22.005237	0.000545	0.6
367	-1.560389	117.684415	22.016634	0.000595	0.5
368	-1.554905	117.604444	22.029337	0.000685	0.6
369	-1.579731	117.525322	22.041919	0.000492	0.5
370	-1.579150	118.524776	21.884027	0.000443	0.6
371	-1.562289	118.827202	21.836695	0.000241	0.6
372	-1.561247	118.750275	21.848715	0.000216	0.5
373	-1.574821	118.917255	21.822640	0.000742	0.6
374	-1.580672	119.050995	21.801801	0.000807	0.5
375	-1.563945	120.049276	21.647498	0.000916	0.7
376	-1.543679	121.044381	21.495845	0.001212	0.6
377	-1.531242	120.964061	21.508007	0.000841	0.8
378	-1.576291	121.964061	21.357563	0.000684	0.7
379	-1.559565	122.730519	21.243672	0.001140	0.6
380	-1.589566	122.650198	21.255550	0.000872	0.6
381	-1.549429	123.650198	21.108605	0.000245	0.6
382	-1.552351	123.570979	21.120172	0.000589	0.6
383	-1.564695	123.491921	21.131728	0.000309	0.6
384	-1.587648	123.913590	21.070239	0.000625	0.6
385	-1.559191	124.892261	20.928896	0.000605	0.6
386	-1.557287	125.871430	20.789366	0.000488	0.6
387	-1.556949	125.794343	20.800284	0.000465	0.6
388	-1.548395	125.720926	20.810692	0.000546	0.6
389	-1.586203	126.615579	20.684564	0.000511	0.6
390	-1.580066	126.937513	20.639552	0.000689	0.6
391	-1.555660	126.972067	20.634732	0.000779	0.5
392	-1.562387	127.139545	20.611404	0.000748	0.6
393	-1.574827	127.059224	20.622585	0.000913	0.6
394	-1.556031	128.058935	20.484273	0.000989	0.5
395	-1.551843	128.939720	20.363943	0.000631	0.6
396	-1.533071	129.936730	20.229430	0.000821	0.6
397	-1.574466	130.936712	20.096288	0.000401	0.6
398	-1.580457	131.923547	19.966604	0.000381	0.8
399	-1.549300	132.294534	19.918283	0.000779	0.7
400	-1.545811	132.281783	19.919940	0.000728	0.8
401	-1.561867	132.976289	19.830092	0.000891	0.6
402	-1.544027	133.976274	19.702138	0.000390	0.6
403	-1.589238	134.754309	19.603721	0.000508	0.6
404	-1.565084	135.060176	19.565299	0.001309	0.6
405	-1.574994	136.059463	19.440815	0.000856	0.6
406	-1.539921	137.059463	19.317818	0.000548	0.6
407	-1.588583	136.979248	19.327627	0.000843	0.6
408	-1.555125	136.898928	19.337458	0.000422	0.7
409	-1.563118	137.046772	19.319369	0.000771	0.6
410	-1.565090	136.984412	19.326995	0.000495	0.6
411	-1.581813	137.965221	19.207748	0.000891	0.6
412	-1.573372	138.965211	19.087675	0.000841	0.6
413	-1.555578	139.962907	18.969364	0.001209	0.6
414	-1.558041	139.882635	18.978829	0.000900	0.6
415	-1.567088	139.802318	18.988308	0.000621	0.6
416	-1.568246	140.568158	18.898303	0.000518	0.6
417	-1.551280	140.488341	18.907643	0.001110	0.5
418	-1.579855	141.488216	18.791295	0.000386	0.7
419	-1.549114	142.287336	18.699331	0.000459	0.7
420	-1.566503	142.207774	18.708447	0.000574	0.7
421	-1.561226	142.166120	18.713223	0.000459	0.6
422	-1.572995	142.086562	18.722352	0.001198	0.5
423	-1.579442	142.798196	18.641011	0.000757	0.6
424	-1.567810	142.718014	18.650140	0.000848	0.5
425	-1.529068	142.637694	18.659295	0.000402	0.6
426	-1.547310	142.557463	18.668448	0.001090	0.6
427	-1.570598	142.480699	18.677214	0.000436	0.6
428	-1.575351	142.552365	18.669030	0.000728	0.6
429	-1.569629	142.472092	18.678197	0.000532	0.6
430	-1.545262	143.435161	18.568802	0.000454	0.5
431	-1.595780	143.358440	18.577470	0.000759	0.6
432	-1.535249	143.447900	18.567364	0.000689	0.6
433	-1.555941	144.446802	18.455261	0.000555	0.6
434	-1.559214	145.446602	18.344405	0.000569	0.5
435	-1.558908	146.042539	18.278960	0.000553	0.6
436	-1.562349	146.744794	18.202436	0.000953	0.6
437	-1.544080	146.664474	18.211156	0.001070	0.6
438	-1.559988	146.584551	18.219841	0.000666	0.6
439	-1.572605	146.504232	18.228578	0.000777	0.6
440	-1.565880	146.424090	18.237304	0.000728	0.6
441	-1.546072	146.343791	18.246055	0.000625	0.8
442	-1.586110	146.998738	18.174922	0.000592	0.6
443	-1.546356	146.919835	18.183462	0.000679	0.7
444	-1.550548	146.839516	18.192164	0.001093	0.6
445	-1.519129	146.795527	18.196933	0.000865	0.6
446	-1.567090	146.719411	18.205191	0.001241	0.6
447	-1.557207	146.639091	18.213914	0.000366	0.6
448	-1.574902	147.639077	18.105910	0.000936	0.6
449	-1.539557	147.558769	18.114536	0.000189	0.5
450	-1.558999	148.120490	18.054370	0.000857	0.6
451	-1.575998	148.041189	18.062840	0.000697	0.6
452	-1.554223	149.041189	17.956614	0.000282	0.5
453	-1.537843	149.763945	17.880613	0.001220	0.6
454	-1.565770	150.153055	17.839962	0.000637	0.5
455	-1.560110	151.152909	17.736348	0.000728	0.6
456	-1.583365	151.072589	17.744627	0.000286	0.5
457	-1.566536	150.993616	17.752775	0.000704	0.6
458	-1.511569	151.781570	17.671815	0.000486	0.6
459	-1.535420	151.778669	17.672112	0.000277	0.8
460	-1.551420	151.703515	17.679802	0.000817	0.7
461	-1.543472	151.626206	17.687720	0.000770	0.6
462	-1.575970	152.525624	17.596041	0.000956	0.8
463	-1.552426	152.445315	17.604188	0.000963	0.6
464	-1.536916	153.445315	17.503273	0.000653	0.6
465	-1.551818	154.445314	17.403508	0.000780	0.7
466	-1.546816	155.429871	17.306389	0.001040	0.8
467	-1.543933	155.697257	17.280200	0.001010	0.7
468	-1.531788	156.697220	17.182958	0.000295	0.6
469	-1.562993	156.632517	17.189217	0.000988	0.6
470	-1.568770	156.552205	17.196993	0.000626	0.6
471	-1.555317	157.552204	17.100679	0.000535	0.5
472	-1.552990	157.789744	17.077959	0.000311	0.5
473	-1.557781	158.008528	17.057087	0.001272	0.6
474	-1.526188	158.995698	16.963538	0.000678	0.6
475	-1.536914	159.963579	16.872809	0.000858	0.7
476	-1.551528	159.972491	16.871978	0.000488	0.6
477	-1.554478	159.908814	16.877917	0.000314	0.6
478	-1.600273	160.474244	16.825330	0.000664	0.6
479	-1.540948	160.838566	16.791619	0.000990	0.6
480	-1.567247	161.528084	16.728187	0.000507	0.7
481	-1.555061	162.528077	16.637040	0.000827	0.7
482	-1.564888	162.457424	16.643447	0.000249	0.7
483	-1.560394	162.599341	16.630582	0.000669	0.6
484	-1.544831	163.255455	16.571363	0.000895	0.6
485	-1.570140	163.180892	16.578071	0.000342	0.8
486	-1.550370	164.019472	16.502933	0.000572	0.7
487	-1.530717	164.820550	16.431788	0.000429	0.6
488	-1.556678	164.751354	16.437910	0.000796	0.7
489	-1.566345	164.817559	16.432053	0.000923	0.6
490	-1.546486	165.817559	16.344095	0.000648	0.6
491	-1.579536	166.817494	16.257080	0.000555	0.6
492	-1.572739	167.813212	16.171347	0.001081	0.5
493	-1.542267	168.813196	16.086152	0.000598	0.6
494	-1.553189	169.813018	16.001864	0.000720	0.6
495	-1.538610	170.809153	15.918760	0.000690	0.6
496	-1.556971	171.536514	15.858623	0.000934	0.6
497	-1.555214	171.456194	15.865241	0.000375	0.7
498	-1.565786	172.455386	15.783298	0.001607	0.8
499	-1.558372	172.375068	15.789853	0.000903	0.6
500	-1.546524	173.375068	15.708619	0.000607	0.6
501	-1.541556	174.374957	15.628226	0.000517	0.6
502	-1.543819	174.305507	15.633783	0.000738	0.7
503	-1.588956	174.280917	15.635752	0.000556	0.7
504	-1.577706	174.200600	15.642185	0.000857	0.5
505	-1.560312	174.120297	15.648623	0.000578	0.6
506	-1.535308	174.998164	15.578533	0.000472	0.6
507	-1.556649	175.985377	15.500460	0.000782	0.6
508	-1.550828	176.595463	15.452602	0.000470	0.6
509	-1.533536	176.844946	15.433116	0.000561	0.6
510	-1.566118	177.790384	15.359717	0.001392	0.6
511	-1.582319	178.790149	15.282855	0.001066	0.6
512	-1.536130	179.790149	15.206742	0.000688	0.6
513	-1.596191	179.744653	15.210188	0.000868	0.6
514	-1.556631	179.664337	15.216276	0.000446	0.6
515	-1.570058	179.584124	15.222361	0.000457	0.5
516	-1.568036	179.865878	15.201009	0.001002	0.6
517	-1.564443	180.834305	15.128072	0.000797	0.6
518	-1.579774	181.834294	15.053490	0.000663	0.6
519	-1.567818	181.753974	15.059453	0.000586	0.8
520	-1.564492	181.673750	15.065414	0.000621	0.6
521	-1.550661	182.673672	14.991451	0.000796	0.6
522	-1.551238	183.323029	14.943807	0.000579	0.7
523	-1.541894	183.649529	14.919966	0.000360	0.6
524	-1.572776	183.569353	14.925813	0.000833	0.7
525	-1.544137	183.489093	14.931671	0.000842	0.6
526	-1.570199	184.489093	14.859007	0.000698	0.6
527	-1.534151	185.489093	14.787047	0.000806	0.6
528	-1.572347	185.445823	14.790146	0.000663	0.6
529	-1.569680	185.369772	14.795597	0.000504	0.6
530	-1.545630	186.368549	14.724335	0.000493	0.5
531	-1.554834	186.869823	14.688827	0.000410	0.6
532	-1.554735	186.839829	14.690947	0.000556	0.6
533	-1.553301	186.786804	14.694696	0.000467	0.5
534	-1.577887	186.708821	14.700213	0.001112	0.6
535	-1.597225	187.175118	14.667286	0.000833	0.6
536	-1.563311	188.175118	14.597166	0.000912	0.5
537	-1.569567	188.094798	14.602773	0.000363	0.5
538	-1.572179	188.455626	14.577617	0.000598	0.8
539	-1.567014	188.597013	14.567784	0.000996	0.7
540	-1.574903	189.596610	14.498638	0.000510	0.7
541	-1.580221	189.518227	14.504036	0.000932	0.7
542	-1.548795	190.518114	14.435473	0.000636	0.6
543	-1.603852	190.437795	14.440956	0.000451	0.6
544	-1.600753	190.568121	14.432061	0.000507	0.7
545	-1.534416	190.556414	14.432859	0.000698	0.7
546	-1.574524	191.551225	14.365309	0.000562	0.8
547	-1.550967	192.549043	14.298186	0.000806	0.7
548	-1.568169	192.468722	14.303566	0.000990	0.6
549	-1.573413	193.468722	14.236873	0.000955	0.7
550	-1.553153	194.468722	14.170799	0.000655	0.5
551	-1.554446	194.746040	14.152584	0.000327	0.6
552	-1.565781	194.670535	14.157539	0.000400	0.6
553	-1.558952	194.731217	14.153556	0.000616	0.5
554	-1.586694	194.651487	14.158789	0.001119	0.5
555	-1.543424	195.651486	14.093436	0.000260	0.5
556	-1.558512	195.571172	14.098663	0.000628	0.5
557	-1.550975	195.718432	14.089083	0.000929	0.6
558	-1.569458	196.621855	14.030594	0.000710	0.6
559	-1.579233	196.544150	14.035606	0.000961	0.7
560	-1.570048	197.544150	13.971383	0.000381	0.7
561	-1.551837	197.466161	13.976370	0.001049	0.7
562	-1.586763	197.386556	13.981465	0.001032	0.6
563	-1.565317	198.386556	13.917735	0.000841	0.6
564	-1.558319	199.384274	13.854727	0.000532	0.6
565	-1.567961	200.250135	13.800507	0.000822	0.6
566	-1.582194	200.173661	13.805278	0.000548	0.6
567	-1.598188	200.093341	13.810294	0.000639	0.6
568	-1.563792	200.013030	13.815312	0.000925	0.6
569	-1.572103	200.606008	13.778345	0.000687	0.8
570	-1.518274	201.606008	13.716449	0.000833	0.5
571	-1.563986	201.525688	13.721400	0.000699	0.6
572	-1.566369	202.525504	13.660025	0.000645	0.6
573	-1.579424	203.409155	13.606236	0.000786	0.6
574	-1.551463	204.369672	13.548247	0.000751	0.6
575	-1.562111	205.369671	13.488397	0.000832	0.5
576	-1.532854	205.963666	13.453096	0.000735	0.5
577	-1.582446	205.883345	13.457858	0.000877	0.6
578	-1.573380	206.857918	13.400298	0.001174	0.6
579	-1.535493	207.857918	13.341745	0.000423	0.8
580	-1.545218	207.812328	13.344403	0.000709	0.6
581	-1.580475	208.796593	13.287246	0.000637	0.7
582	-1.555024	208.716275	13.291892	0.000203	0.6
583	-1.565989	208.887681	13.281982	0.000972	0.6
584	-1.559432	209.340852	13.255851	0.001043	0.5
585	-1.553336	210.340852	13.198551	0.000948	0.7
586	-1.540040	211.340852	13.141744	0.000529	0.6
587	-1.587437	212.340851	13.085424	0.000732	0.6
588	-1.550449	213.340779	13.029589	0.000412	0.6
589	-1.543169	213.736444	13.007626	0.000606	0.5
590	-1.532181	213.669243	13.011351	0.000962	0.6
591	-1.540888	214.669243	12.956141	0.000687	0.6
592	-1.557059	215.599155	12.905219	0.000371	0.6
593	-1.580461	215.575599	12.906504	0.000424	0.6
594	-1.578124	215.498812	12.910695	0.000455	0.6
595	-1.560014	215.429950	12.914455	0.000389	0.6
596	-1.598320	215.362473	12.918142	0.000716	0.5
597	-1.543998	216.101353	12.877885	0.000670	0.6
598	-1.576340	216.887115	12.835348	0.000613	0.6
599	-1.560420	217.887061	12.781621	0.000415	0.6
600	-1.590307	218.703349	12.738095	0.000551	0.7
601	-1.569259	218.636130	12.741668	0.000877	0.7
602	-1.560988	219.636128	12.688718	0.000833	0.6
603	-1.581252	219.555817	12.692954	0.000758	0.6
604	-1.527280	220.555816	12.640407	0.000889	0.6
605	-1.563812	220.475495	12.644612	0.000700	0.6
606	-1.565220	221.463009	12.593112	0.000960	0.6
607	-1.561520	222.463009	12.541388	0.000969	0.5
608	-1.552489	223.463009	12.490086	0.001003	0.6
609	-1.572108	223.382721	12.494189	0.000488	0.6
610	-1.549995	223.302401	12.498297	0.000482	0.6
611	-1.567034	223.315839	12.497609	0.000565	0.6
612	-1.583091	223.237409	12.501623	0.000448	0.6
613	-1.555590	223.170694	12.505039	0.000346	0.7
614	-1.562224	224.016305	12.461881	0.000778	0.6
615	-1.577883	223.936000	12.465966	0.001351	0.6
616	-1.575966	224.936000	12.415279	0.001012	0.6
617	-1.569213	225.936000	12.365001	0.000250	0.6
618	-1.535778	226.795175	12.322128	0.000628	0.6
619	-1.570113	226.719634	12.325886	0.000651	0.6
620	-1.562685	226.640820	12.329809	0.000471	0.6
621	-1.561995	226.585056	12.332586	0.000599	0.6
622	-1.566935	226.802356	12.321771	0.000930	0.6
623	-1.579404	227.643961	12.280065	0.001046	0.9
624	-1.565252	228.643961	12.230874	0.000942	0.6
625	-1.573987	228.563640	12.234811	0.000668	0.6
626	-1.585635	229.563596	12.185984	0.000676	0.5
627	-1.559987	229.548928	12.186697	0.000817	0.6
628	-1.552369	230.548927	12.138251	0.000693	0.5
629	-1.550733	231.546523	12.090303	0.000634	0.6
630	-1.574973	231.481726	12.093406	0.001006	0.5
631	-1.558488	231.467213	12.094101	0.000847	0.6
632	-1.555420	231.386893	12.097950	0.000558	0.5
633	-1.560046	231.466303	12.094144	0.000487	0.6
634	-1.593076	231.386212	12.097982	0.000663	0.6
635	-1.580342	232.373117	12.050860	0.000684	0.6
636	-1.546546	232.292797	12.054681	0.000521	0.6
637	-1.578309	232.337784	12.052541	0.000346	0.6
638	-1.577333	232.309363	12.053893	0.000678	0.6
639	-1.572031	232.229648	12.057687	0.000558	0.6
640	-1.562684	232.648103	12.037795	0.000840	0.5
641	-1.573910	232.964604	12.022793	0.000472	0.6
642	-1.550158	232.884328	12.026595	0.000810	0.8
643	-1.575673	232.804179	12.030393	0.000673	0.6
644	-1.574983	233.804154	11.983180	0.000835	0.6
645	-1.592210	234.381075	11.956109	0.000792	0.6
646	-1.556670	235.381066	11.909475	0.000757	0.6
647	-1.551908	236.380962	11.863208	0.000858	0.6
648	-1.545797	237.380808	11.817302	0.000441	0.6
649	-1.550904	237.720997	11.801763	0.000806	0.6
650	-1.563170	237.640697	11.805427	0.000309	0.6
651	-1.537688	237.560996	11.809066	0.000959	0.5
652	-1.568136	238.559263	11.763649	0.000677	0.6
653	-1.564424	239.559261	11.718501	0.001065	0.6
654	-1.544231	239.478941	11.722114	0.000516	0.6
655	-1.550373	240.478940	11.677284	0.000317	0.7
656	-1.535900	241.087660	11.650163	0.000795	0.6
657	-1.563306	241.038889	11.652331	0.000488	0.7
658	-1.585716	241.044459	11.652084	0.000660	0.6
659	-1.552697	240.964405	11.655644	0.000565	0.6
660	-1.568701	240.884234	11.659213	0.000747	0.6
661	-1.557627	240.927487	11.657287	0.000314	0.6
662	-1.572518	240.873414	11.659694	0.000430	0.6
663	-1.560146	240.807651	11.662623	0.000453	0.6
664	-1.558829	240.757185	11.664872	0.000678	0.6
665	-1.566651	240.676933	11.668449	0.000719	0.6
666	-1.555362	240.617628	11.671094	0.000466	0.6
667	-1.540748	240.696541	11.667575	0.000378	0.6
668	-1.536647	241.436240	11.634689	0.000503	0.6
669	-1.547506	242.364765	11.593669	0.000568	0.6
670	-1.567968	242.287462	11.597073	0.001160	0.6
671	-1.572170	243.287174	11.553205	0.000759	0.6
672	-1.543601	243.206854	11.556717	0.000682	0.6
673	-1.553108	244.206464	11.513158	0.000851	0.5
674	-1.559123	245.132917	11.473079	0.000515	0.6
675	-1.553446	246.132593	11.430144	0.000935	0.5
676	-1.572023	247.132133	11.387535	0.001137	0.6
677	-1.572020	247.051827	11.390946	0.000369	0.7
678	-1.557148	247.429098	11.374936	0.000729	0.7
679	-1.561391	247.348913	11.378335	0.000999	0.7
680	-1.583237	248.348889	11.336093	0.000993	0.7
681	-1.531094	249.348889	11.294161	0.000354	0.6
682	-1.560412	249.268606	11.297516	0.000473	0.6
683	-1.538807	249.868994	11.272475	0.000758	0.7
684	-1.564011	250.860650	11.231357	0.000315	0.6
685	-1.573536	251.837359	11.191150	0.000851	0.6
686	-1.577071	251.764058	11.194158	0.000524	0.6
687	-1.548320	252.763929	11.153273	0.000529	0.6
688	-1.556534	253.696599	11.115405	0.000837	0.6
689	-1.570196	254.687913	11.075436	0.000346	0.6
690	-1.583137	254.622401	11.078069	0.001042	0.6
691	-1.538157	254.542133	11.081296	0.000512	0.6
692	-1.589161	254.473711	11.084048	0.000798	0.6
693	-1.572708	255.423474	11.045965	0.000988	0.5
694	-1.543143	256.423467	11.006149	0.001037	0.6
695	-1.572694	256.343146	11.009336	0.000940	0.6
696	-1.571501	256.262826	11.012526	0.000330	0.5
697	-1.571933	256.745663	10.993381	0.000950	0.5
698	-1.540415	256.665346	10.996561	0.000654	0.6
699	-1.569474	256.585079	10.999741	0.000611	0.6
700	-1.567732	257.552103	10.961554	0.000498	0.6
701	-1.574543	257.471811	10.964715	0.000639	0.7
702	-1.564298	258.471246	10.925503	0.000473	0.7
703	-1.576926	259.352208	10.891171	0.000995	0.6
704	-1.562724	259.271888	10.894293	0.000552	0.6
705	-1.556517	259.192440	10.897382	0.000933	0.6
706	-1.531164	259.899651	10.869946	0.000751	0.6
707	-1.589677	259.819331	10.873055	0.000426	0.6
708	-1.566861	260.818435	10.834508	0.001041	0.6
709	-1.540749	261.817606	10.796230	0.000939	0.6
710	-1.559246	262.817606	10.758191	0.000460	0.6
711	-1.566399	263.657004	10.726467	0.000631	0.6
712	-1.558868	264.654788	10.689000	0.000795	0.6
713	-1.562895	264.576099	10.691945	0.000732	0.6
714	-1.578372	264.993225	10.676351	0.000534	0.6
715	-1.561984	265.991183	10.639226	0.000468	0.6
716	-1.562508	266.383168	10.624714	0.000753	0.6
717	-1.540717	266.302903	10.627682	0.001060	0.5
718	-1.559847	267.302645	10.590829	0.000700	0.5
719	-1.573830	268.301646	10.554257	0.000542	0.5
720	-1.554456	268.221392	10.557186	0.001353	0.6
721	-1.566134	268.141076	10.560118	0.000765	0.6
722	-1.579848	269.141076	10.523722	0.000950	0.6
723	-1.572413	270.141076	10.487575	0.000570	0.6
724	-1.542207	271.077385	10.453955	0.000428	0.7
725	-1.557605	271.017822	10.456088	0.000753	0.6
726	-1.525418	270.941436	10.458823	0.001052	0.6
727	-1.545698	271.940536	10.423153	0.001044	0.6
728	-1.561660	272.795090	10.392835	0.000892	0.5
729	-1.568315	272.714770	10.395677	0.000513	0.6
730	-1.557873	273.714674	10.360407	0.000451	0.7
731	-1.557147	273.658606	10.362378	0.000732	0.6
732	-1.571691	273.578292	10.365204	0.000475	0.6
733	-1.554820	273.498282	10.368020	0.000683	0.6
734	-1.558985	274.497015	10.332977	0.000759	0.6
735	-1.570384	274.428258	10.335382	0.000573	0.5
736	-1.564753	274.359410	10.337791	0.000886	0.5
737	-1.564426	275.359238	10.302915	0.000530	0.5
738	-1.545651	275.289519	10.305339	0.000515	0.5
739	-1.591627	275.566580	10.295711	0.000805	0.5
740	-1.576751	275.968421	10.281780	0.000854	0.6
741	-1.552735	276.967352	10.247310	0.000713	0.5
742	-1.552838	277.490131	10.229363	0.000635	0.6
743	-1.587071	278.367770	10.199374	0.000302	0.5
744	-1.554641	278.363453	10.199521	0.000468	0.6
745	-1.564283	278.660296	10.189418	0.000353	0.6
746	-1.550078	278.581149	10.192110	0.000336	0.6
747	-1.531340	278.506327	10.194656	0.000930	0.7
748	-1.552726	279.500400	10.160931	0.000947	0.6
749	-1.574180	280.500400	10.127230	0.000997	0.5
750	-1.569518	280.420080	10.129929	0.000713	0.7
751	-1.539529	281.420078	10.096433	0.000624	0.6
752	-1.599301	282.379404	10.064506	0.000468	0.5
753	-1.590273	282.300672	10.067119	0.000611	0.6
754	-1.547984	283.298258	10.034116	0.000869	0.5
755	-1.575886	283.226621	10.036479	0.000462	0.5
756	-1.544931	283.173320	10.038237	0.000815	0.6
757	-1.545216	283.528311	10.026536	0.001445	0.6
758	-1.561964	283.447991	10.029181	0.000483	0.6
759	-1.577700	284.302258	10.001118	0.000681	0.5
760	-1.562949	285.044315	9.976869	0.000503	0.6
761	-1.564560	285.998331	9.945865	0.000342	0.5
762	-1.576297	286.906720	9.916523	0.000703	0.5
763	-1.563838	287.262861	9.905066	0.000359	0.5
764	-1.548120	287.270331	9.904826	0.000701	0.6
765	-1.565078	287.190083	9.907405	0.000705	0.6
766	-1.579008	288.189633	9.875376	0.000722	0.5
767	-1.542133	288.328121	9.870955	0.000996	0.6
768	-1.550530	288.247802	9.873519	0.001129	0.6
769	-1.541612	289.247802	9.841694	0.000653	0.6
770	-1.573611	290.247782	9.810075	0.000778	0.6
771	-1.571910	290.167462	9.812607	0.000706	0.6
772	-1.595474	291.167444	9.781174	0.000347	0.6
773	-1.533428	291.087833	9.783669	0.000942	0.6
774	-1.551012	292.087290	9.752437	0.000965	0.6
775	-1.574725	293.087290	9.721386	0.000699	0.6
776	-1.514343	294.087270	9.690534	0.000878	0.5
777	-1.560425	295.087206	9.659878	0.000762	0.5
778	-1.573774	296.083306	9.629532	0.000671	0.5
779	-1.548228	296.012331	9.631688	0.000747	0.5
780	-1.523242	297.012331	9.601401	0.000949	0.5
781	-1.567668	298.012313	9.571304	0.000848	0.5
782	-1.565911	297.931993	9.573715	0.000862	0.5
783	-1.565904	298.931993	9.543791	0.000309	0.7
784	-1.581878	299.468852	9.527803	0.001003	0.5
785	-1.535481	299.400385	9.529839	0.001267	0.6
786	-1.570836	299.745439	9.519586	0.000849	0.5
787	-1.584665	300.745439	9.489999	0.000448	0.5
788	-1.580035	301.130357	9.478659	0.000614	0.6
789	-1.569627	301.774530	9.459743	0.000997	0.5
790	-1.526740	301.698136	9.461982	0.000378	0.6
791	-1.548596	301.618072	9.464330	0.000860	0.7
792	-1.567190	302.610641	9.435301	0.000557	0.7
793	-1.519545	303.607342	9.406331	0.000711	0.6
794	-1.578260	303.527027	9.408658	0.000769	0.6
795	-1.577972	303.446714	9.410987	0.000587	0.5
796	-1.546230	304.441253	9.382228	0.001121	0.6
797	-1.557745	305.441239	9.353487	0.000646	0.6
798	-1.571027	306.441239	9.324922	0.000564	0.6
799	-1.544200	306.362170	9.327174	0.001159	0.6
800	-1.563237	306.281882	9.329462	0.000933	0.6
801	-1.586866	307.281864	9.301044	0.000753	0.6
802	-1.540681	307.224548	9.302668	0.000574	0.6
803	-1.592690	307.144600	9.304934	0.000556	0.6
804	-1.565370	307.064510	9.307206	0.000585	0.6
805	-1.575088	307.698794	9.289246	0.000461	0.5
806	-1.570675	307.629441	9.291206	0.000656	0.6
807	-1.569487	308.106442	9.277740	0.000346	0.6
808	-1.597194	309.090297	9.250087	0.000417	0.6
809	-1.549819	309.772321	9.231014	0.000551	0.6
810	-1.564463	309.695411	9.233161	0.000319	0.6
811	-1.565154	309.616366	9.235368	0.001165	0.6
812	-1.564137	309.536852	9.237590	0.001063	0.7
813	-1.542377	310.536852	9.209727	0.000595	0.9
814	-1.560720	311.536749	9.182035	0.000814	0.7
815	-1.562270	311.456430	9.184253	0.000605	0.7
816	-1.582884	312.456419	9.156711	0.000545	0.6
817	-1.542363	312.434103	9.157324	0.000690	0.6
818	-1.547140	313.428256	9.130102	0.000322	0.6
819	-1.548877	313.349582	9.132250	0.001002	0.6
820	-1.534691	314.207363	9.108881	0.000756	0.6
821	-1.574165	315.207363	9.081788	0.000652	0.6
822	-1.573294	316.207345	9.054856	0.000877	0.6
823	-1.516104	317.196488	9.028373	0.000614	0.6
824	-1.564504	318.196487	9.001756	0.000610	0.6
825	-1.547145	318.116172	9.003888	0.000827	0.6
826	-1.593461	319.116167	8.977415	0.000548	0.6
827	-1.592668	319.041405	8.979389	0.000529	0.6
828	-1.558819	318.961129	8.981509	0.000656	0.6
829	-1.592738	319.958120	8.955246	0.000959	0.6
830	-1.570127	320.953729	8.929173	0.000533	0.6
831	-1.545789	321.953716	8.903137	0.000453	0.7
832	-1.538831	321.883770	8.904953	0.000578	0.7
833	-1.541517	321.803510	8.907038	0.000906	0.7
834	-1.542443	322.802796	8.881149	0.000593	0.7
835	-1.561682	322.722940	8.883213	0.000641	0.6
836	-1.567031	322.642740	8.885286	0.001066	0.7
837	-1.561075	323.642740	8.859505	0.000234	0.6
838	-1.537115	324.475580	8.838147	0.000999	0.7
839	-1.560681	324.399991	8.840081	0.000844	0.6
840	-1.566098	325.091692	8.822413	0.000502	0.6
841	-1.557663	326.090665	8.797021	0.000736	0.6
842	-1.544817	326.012029	8.799015	0.000567	0.6
843	-1.549349	325.932381	8.801035	0.000958	0.6
844	-1.569257	326.712336	8.781293	0.000280	0.6
845	-1.569264	326.710838	8.781331	0.000469	0.6
846	-1.564161	327.328739	8.765754	0.000323	0.6
847	-1.572818	327.956254	8.749991	0.000427	0.6
848	-1.563747	327.878092	8.751951	0.001015	0.6
849	-1.551697	328.873902	8.727041	0.000571	0.6
850	-1.577733	329.873832	8.702171	0.000752	0.6
851	-1.563623	329.793512	8.704163	0.001359	0.6
852	-1.577647	330.793512	8.679421	0.000475	0.7
853	-1.564874	331.563018	8.660477	0.000825	0.7
854	-1.556115	332.528208	8.636833	0.000955	0.8
855	-1.548558	333.528207	8.612471	0.000925	0.6
856	-1.580530	334.528074	8.588250	0.000497	0.6
857	-1.552773	334.448369	8.590176	0.000737	0.6
858	-1.564271	335.448165	8.566081	0.001568	0.6
859	-1.551321	336.448147	8.542117	0.000588	0.6
860	-1.565604	336.367840	8.544037	0.000282	0.6
861	-1.549208	336.751707	8.534869	0.000347	0.6
862	-1.529377	336.787391	8.534018	0.000964	0.6
863	-1.558220	337.741435	8.511322	0.000380	0.6
864	-1.593221	337.785266	8.510282	0.000730	0.6
865	-1.540334	338.587342	8.491300	0.000387	0.6
866	-1.539803	339.525383	8.469207	0.000496	0.6
867	-1.541813	339.608130	8.467263	0.000998	0.6
868	-1.567165	340.333692	8.450261	0.000546	0.6
869	-1.568536	341.322389	8.427202	0.000807	0.6
870	-1.537221	342.321760	8.404022	0.000706	0.5
871	-1.547858	342.241473	8.405879	0.001063	0.8
872	-1.553889	343.241446	8.382802	0.000412	0.6
873	-1.555334	344.240468	8.359873	0.000180	0.7
874	-1.542939	344.379127	8.356701	0.000536	0.6
875	-1.555766	344.367207	8.356973	0.001024	0.7
876	-1.572068	345.346830	8.334626	0.000911	0.7
877	-1.577222	346.346802	8.311938	0.000539	0.6
878	-1.543030	346.266546	8.313755	0.000734	0.6
879	-1.594923	347.220195	8.292223	0.000475	0.6
880	-1.557802	348.185260	8.270547	0.000712	0.6
881	-1.573061	349.157475	8.248824	0.000634	0.6
882	-1.566299	349.080121	8.250548	0.000806	0.6
883	-1.564533	348.999800	8.252339	0.000590	0.6
884	-1.561622	349.993925	8.230226	0.000556	0.6
885	-1.559978	349.913614	8.232008	0.001231	0.6
886	-1.551710	349.879152	8.232773	0.000579	0.6
887	-1.540310	349.798832	8.234557	0.000361	0.6
888	-1.524673	349.937927	8.231469	0.000469	0.6
889	-1.559361	350.102227	8.227824	0.000538	0.5
890	-1.549461	350.023035	8.229581	0.000827	0.6
891	-1.601553	349.942849	8.231360	0.000721	0.6
892	-1.557048	350.064156	8.228669	0.000679	0.7
893	-1.570393	350.945716	8.209166	0.000609	0.6
894	-1.546370	351.927485	8.187554	0.000848	0.7
895	-1.545237	351.847175	8.189318	0.000834	0.6
896	-1.559632	351.879108	8.188616	0.001094	0.6
897	-1.575669	352.879099	8.166715	0.000551	0.6
898	-1.544282	353.879069	8.144930	0.000889	0.6
899	-1.573634	353.817448	8.146270	0.000844	0.6
900	-1.573530	354.817447	8.124593	0.000873	0.6
901	-1.521620	355.817447	8.103032	0.000697	0.6
902	-1.553239	356.817405	8.081586	0.000638	0.6
903	-1.571359	357.741382	8.061870	0.000650	0.6
904	-1.546532	358.667026	8.042215	0.001455	0.6
905	-1.559133	359.667026	8.021089	0.000377	0.6
906	-1.551845	360.605797	8.001356	0.000599	0.6
907	-1.549503	360.843518	7.996375	0.000767	0.6
908	-1.548286	360.980411	7.993509	0.000288	0.6
909	-1.570419	361.563547	7.981325	0.000644	0.5
910	-1.590069	361.535976	7.981900	0.000709	0.6
911	-1.559421	362.533961	7.961131	0.000878	0.6
912	-1.557980	363.528451	7.940541	0.000581	0.7
913	-1.538058	363.448131	7.942200	0.000568	0.7
914	-1.568272	363.813634	7.934656	0.000567	0.6
915	-1.579079	363.733428	7.936311	0.001232	0.7
916	-1.569323	364.731487	7.915776	0.000488	0.6
917	-1.543582	365.731486	7.895307	0.001255	0.6
918	-1.587416	365.651166	7.896947	0.000474	0.6
919	-1.554895	366.578700	7.878049	0.000837	0.6
920	-1.523254	367.577329	7.857803	0.000772	0.6
921	-1.556114	367.693749	7.855449	0.000674	0.6
922	-1.558045	367.613429	7.857073	0.000497	0.6
923	-1.539708	367.588515	7.857576	0.000887	0.6
924	-1.597584	367.516246	7.859038	0.000621	0.6
925	-1.578681	368.447144	7.840252	0.000564	0.6
926	-1.541329	368.368634	7.841833	0.000530	0.6
927	-1.571253	368.289620	7.843425	0.000381	0.6
928	-1.574878	368.245909	7.844306	0.000876	0.6
929	-1.573103	369.155416	7.826020	0.000606	0.5
930	-1.573626	370.148706	7.806146	0.000943	0.6
931	-1.561689	371.148700	7.786240	0.000301	0.6
932	-1.577179	371.814887	7.773035	0.000923	0.7
933	-1.543151	371.734605	7.774624	0.000548	0.7
934	-1.537339	372.470313	7.760087	0.000883	0.6
935	-1.536774	372.390155	7.761668	0.001052	0.6
936	-1.531603	373.390155	7.741988	0.000705	0.6
937	-1.560827	374.388657	7.722437	0.000453	0.6
938	-1.552986	375.353598	7.703636	0.000287	0.5
939	-1.567160	375.317240	7.704343	0.000926	0.6
940	-1.564847	376.295831	7.685366	0.000495	0.7
941	-1.561917	377.294534	7.666096	0.000934	0.6
942	-1.575272	377.214214	7.667642	0.000487	0.6
943	-1.557170	377.159542	7.668695	0.001047	0.7
944	-1.566642	378.149762	7.649670	0.000459	0.6
945	-1.533473	378.944706	7.634465	0.000249	0.6
946	-1.531921	379.195586	7.629679	0.000790	0.6
947	-1.583414	379.119054	7.631139	0.000622	0.7
948	-1.558652	379.039326	7.632659	0.000963	0.6
949	-1.572952	380.039325	7.613627	0.000440	0.6
950	-1.563636	380.962400	7.596143	0.000713	0.6
951	-1.532795	381.056429	7.594367	0.000437	0.6
952	-1.550521	380.978486	7.595839	0.000755	0.7
953	-1.580034	381.860835	7.579203	0.001006	0.7
954	-1.533565	382.860834	7.560436	0.000793	0.6
955	-1.571506	383.860578	7.541766	0.000441	0.6
956	-1.543103	384.789609	7.524500	0.000398	0.7
957	-1.580641	384.765654	7.524944	0.000483	0.6
958	-1.554257	384.685547	7.526430	0.000915	0.6
959	-1.554898	384.616805	7.527706	0.001136	0.6
960	-1.570608	385.616805	7.509193	0.000340	0.6
961	-1.553729	385.565329	7.510143	0.000336	0.6
962	-1.571300	385.738027	7.506955	0.000388	0.6
963	-1.537465	386.357234	7.495544	0.000669	0.7
964	-1.552986	387.286345	7.478487	0.000842	0.6
965	-1.560421	388.279762	7.460335	0.000867	0.6
966	-1.552982	389.274135	7.442253	0.001174	0.6
967	-1.560748	390.274135	7.424157	0.000953	0.6
968	-1.545750	390.195014	7.425586	0.000747	0.5
969	-1.544623	390.116592	7.427002	0.000860	0.6
970	-1.566701	390.036277	7.428454	0.000711	0.6
971	-1.577203	391.036277	7.410425	0.000594	0.6
972	-1.545749	390.955958	7.411870	0.000491	0.7
973	-1.547725	390.875651	7.413315	0.000642	0.6
974	-1.563745	390.799803	7.414680	0.000980	0.6
975	-1.574819	391.799782	7.396719	0.000287	0.6
976	-1.576967	391.719879	7.398151	0.000735	0.6
977	-1.580709	391.727810	7.398009	0.000412	0.6
978	-1.584785	391.648247	7.399435	0.001121	0.6
979	-1.551486	392.648243	7.381547	0.000359	0.5
980	-1.598915	393.644592	7.363810	0.000831	0.6
981	-1.561471	393.564641	7.365230	0.000797	0.6
982	-1.538251	393.484321	7.366657	0.001184	0.6
983	-1.573128	394.484321	7.348927	0.000463	0.6
984	-1.547994	394.407280	7.350290	0.000458	0.6
985	-1.574356	394.352309	7.351263	0.000924	0.6
986	-1.576909	395.035831	7.339185	0.001136	0.6
987	-1.558609	396.035831	7.321587	0.001120	0.6
988	-1.549151	397.035831	7.304072	0.000566	0.6
989	-1.558386	398.009504	7.287099	0.000098	0.6
990	-1.572448	398.261411	7.282721	0.000775	0.6
991	-1.552247	398.291815	7.282193	0.000642	0.5
992	-1.551053	399.281459	7.265046	0.000549	0.6
993	-1.541856	399.488624	7.261466	0.000989	0.7
994	-1.546471	400.488621	7.244238	0.000760	0.6
995	-1.527006	401.488621	7.227092	0.000502	0.6
996	-1.562386	401.412506	7.228394	0.000727	0.6
997	-1.578814	401.428645	7.228118	0.000630	0.6
998	-1.573003	401.898310	7.220090	0.000399	0.6
999	-1.557291	402.716752	7.206144	0.000564	0.6
